read config success
read map success
read task success
agents_num=5
0:37->46
1:66->7
2:120->31
3:84->3
4:101->94
init_path
0:(37,0)->(67,16.3835)->(10,52.7145)->(41,77.1393)->(2,111.45)->(86,131.575)->(82,151.536)->(31,157.172)->(66,167.158)->(92,176.42)->(46,182.145)->
1:(66,0)->(31,9.98599)->(82,15.6225)->(86,35.5837)->(2,55.7086)->(4,128.215)->(112,148.304)->(143,164.321)->(145,173.911)->(107,197.406)->(7,219.656)->
2:(120,0)->(85,0)->(88,15.6732)->(13,47.8788)->(5,104.928)->(113,131.539)->(41,171.573)->(2,205.884)->(86,226.009)->(82,245.97)->(31,251.606)->
3:(84,0)->(61,8.74643)->(67,17.1992)->(10,53.5302)->(41,77.955)->(56,96.8293)->(3,119.976)->
4:(101,0)->(49,5.6648)->(135,26.8188)->(50,40.5012)->(25,71.7865)->(1,82.8468)->(8,111.801)->(9,143.894)->(10,201.704)->(113,242.858)->(5,269.468)->(13,326.518)->(11,386.109)->(152,405.691)->(97,422.736)->(94,424.575)->
0:(37,0)->(67,16.3835)->(10,52.7145)->(41,77.1393)->(2,111.45)->(86,131.575)->(82,151.536)->(31,157.172)->(66,167.158)->(92,176.42)->(46,182.145)->
1:(66,0)->(31,9.98599)->(82,15.6225)->(86,35.5837)->(2,55.7086)->(4,128.215)->(112,148.304)->(143,164.321)->(145,173.911)->(107,197.406)->(7,219.656)->
2:(120,0)->(85,0)->(88,15.6732)->(13,47.8788)->(5,104.928)->(113,131.539)->(41,171.573)->(2,205.884)->(86,226.009)->(82,245.97)->(31,251.606)->
3:(84,0)->(61,8.74643)->(61,8.96207)->(67,17.4149)->(10,53.7459)->(10,53.8941)->(41,78.3189)->(56,97.1932)->(3,120.34)->
4:(101,0)->(49,5.6648)->(135,26.8188)->(50,40.5012)->(25,71.7865)->(1,82.8468)->(8,111.801)->(9,143.894)->(10,201.704)->(113,242.858)->(5,269.468)->(13,326.518)->(11,386.109)->(152,405.691)->(97,422.736)->(94,424.575)->
|0 (70,182) : 5(-1,), 11(-1,), 13(-1,), 15(-1,), 18(-1,), 79(-1,), 88(-1,), 121(-1,), 
|1 (68,55) : 8(-1,), 25(-1,), 38(-1,), 74(-1,), 125(-1,), 124(-1,), 134(-1,), 
|2 (182.6,61.6) : 3(-1,), 4(-1,), 19(-1,), 29(-1,), 41(-1,), 56(-1,), 76(-1,), 86(-1,), 161(-1,), 
|3 (209.8,83.1) : 2(-1,), 21(-1,), 56(-1,), 76(-1,), 136(-1,), 
|4 (172.5,133.4) : 2(-1,), 5(-1,), 10(-1,), 41(-1,), 51(-1,), 112(-1,), 113(-1,), 
|5 (153.5,157.9) : 4(-1,), 6(-1,), 7(-1,), 0(-1,), 13(-1,), 51(-1,), 62(-1,), 68(-1,), 112(-1,), 113(-1,), 
|6 (180.4,184.9) : 5(-1,), 51(-1,), 
|7 (235.5,186.3) : 5(-1,), 27(-1,), 40(-1,), 107(-1,), 
|8 (56.8,81.7) : 1(-1,), 9(-1,), 38(-1,), 78(-1,), 124(-1,), 153(-1,), 157(-1,), 
|9 (86.8,93.1) : 8(-1,), 10(-1,), 37(-1,), 61(-1,), 78(-1,), 84(-1,), 153(-1,), 157(-1,), 
|10 (144.6,94.2) : 4(-1,), 9(-1,), 23(-1,), 41(-1,), 67(-1,), 113(-1,), 118(-1,), 
|11 (93.7,225.3) : 12(-1,), 0(-1,), 18(-1,), 13(-1,), 151(-1,), 152(-1,), 
|12 (127.7,225.7) : 11(-1,), 32(-1,), 89(-1,), 93(-1,), 97(-1,), 152(-1,), 
|13 (97,165.8) : 0(-1,), 14(-1,), 5(-1,), 15(-1,), 57(-1,), 79(-1,), 88(-1,), 11(-1,), 18(-1,), 
|14 (67.2,234.4) : 13(-1,), 18(-1,), 
|15 (41.4,162.2) : 16(-1,), 0(-1,), 17(-1,), 13(-1,), 36(-1,), 71(-1,), 79(-1,), 85(-1,), 163(-1,), 
|16 (35.3,188.1) : 15(-1,), 36(-1,), 85(-1,), 
|17 (7.6,192.6) : 15(-1,), 36(-1,), 42(-1,), 
|18 (75,216.6) : 14(-1,), 11(-1,), 0(-1,), 13(-1,), 
|19 (163,55.1) : 20(-1,), 2(-1,), 161(-1,), 
|20 (158.8,58.2) : 19(-1,), 
|21 (230.3,90.8) : 3(-1,), 22(-1,), 34(-1,), 104(-1,), 136(-1,), 130(-1,), 
|22 (243.5,8.5) : 21(-1,), 106(-1,), 139(-1,), 
|23 (116.4,84.6) : 24(-1,), 10(-1,), 37(-1,), 67(-1,), 
|24 (101.6,80) : 23(-1,), 37(-1,), 61(-1,), 78(-1,), 
|25 (76.8,48.3) : 1(-1,), 26(-1,), 48(-1,), 50(-1,), 74(-1,), 122(-1,), 125(-1,), 132(-1,), 128(-1,), 
|26 (103.9,33) : 25(-1,), 50(-1,), 128(-1,), 140(-1,), 149(-1,), 165(-1,), 
|27 (227.1,216) : 28(-1,), 7(-1,), 40(-1,), 
|28 (205.6,209.3) : 27(-1,), 40(-1,), 
|29 (182.6,32.1) : 30(-1,), 31(-1,), 2(-1,), 53(-1,), 82(-1,), 86(-1,), 109(-1,), 102(-1,), 169(-1,), 
|30 (203.7,36.6) : 29(-1,), 63(-1,), 69(-1,), 109(-1,), 
|31 (157.4,33.3) : 29(-1,), 44(-1,), 66(-1,), 82(-1,), 102(-1,), 111(-1,), 110(-1,), 
|32 (154.3,220.3) : 33(-1,), 12(-1,), 89(-1,), 155(-1,), 162(-1,), 
|33 (138.5,206.6) : 32(-1,), 89(-1,), 155(-1,), 
|34 (237.8,114.7) : 35(-1,), 21(-1,), 95(-1,), 116(-1,), 130(-1,), 131(-1,), 
|35 (214.4,117.6) : 34(-1,), 103(-1,), 131(-1,), 
|36 (19.8,177) : 16(-1,), 17(-1,), 15(-1,), 163(-1,), 
|37 (98.2,108.6) : 9(-1,), 24(-1,), 23(-1,), 61(-1,), 67(-1,), 84(-1,), 
|38 (35.1,71.9) : 39(-1,), 8(-1,), 1(-1,), 124(-1,), 
|39 (32.5,76.7) : 38(-1,), 159(-1,), 
|40 (210.2,194.7) : 28(-1,), 7(-1,), 27(-1,), 107(-1,), 
|41 (169,93.1) : 10(-1,), 2(-1,), 4(-1,), 56(-1,), 113(-1,), 118(-1,), 
|42 (14.4,210.4) : 43(-1,), 17(-1,), 
|43 (20.8,211.2) : 42(-1,), 
|44 (155.5,18.7) : 45(-1,), 31(-1,), 46(-1,), 53(-1,), 66(-1,), 91(-1,), 92(-1,), 111(-1,), 148(-1,), 110(-1,), 
|45 (151.7,31.8) : 44(-1,), 66(-1,), 110(-1,), 
|46 (137.9,18.7) : 47(-1,), 44(-1,), 92(-1,), 
|47 (138.7,30.4) : 46(-1,), 66(-1,), 
|48 (131.9,46) : 49(-1,), 25(-1,), 50(-1,), 54(-1,), 70(-1,), 135(-1,), 
|49 (129.7,23.9) : 48(-1,), 101(-1,), 135(-1,), 
|50 (107.9,44.9) : 26(-1,), 48(-1,), 25(-1,), 138(-1,), 135(-1,), 149(-1,), 128(-1,), 165(-1,), 
|51 (165.2,179) : 6(-1,), 52(-1,), 5(-1,), 62(-1,), 4(-1,), 112(-1,), 144(-1,), 
|52 (130.3,172.9) : 51(-1,), 57(-1,), 62(-1,), 68(-1,), 
|53 (181.9,19.7) : 29(-1,), 44(-1,), 87(-1,), 
|54 (131.7,49.8) : 48(-1,), 55(-1,), 167(-1,), 
|55 (130,16.1) : 54(-1,), 101(-1,), 
|56 (187.2,88.1) : 41(-1,), 3(-1,), 2(-1,), 76(-1,), 
|57 (111.9,165.5) : 13(-1,), 52(-1,), 68(-1,), 
|58 (127.2,60.8) : 59(-1,), 60(-1,), 142(-1,), 
|59 (120.8,57.5) : 58(-1,), 70(-1,), 
|60 (128.1,69.1) : 58(-1,), 
|61 (100.7,92) : 24(-1,), 9(-1,), 37(-1,), 67(-1,), 81(-1,), 84(-1,), 
|62 (136.6,173.9) : 52(-1,), 5(-1,), 68(-1,), 51(-1,), 
|63 (205.4,45.3) : 30(-1,), 64(-1,), 65(-1,), 83(-1,), 69(-1,), 
|64 (216.9,39.8) : 63(-1,), 73(-1,), 83(-1,), 
|65 (205.4,29.5) : 63(-1,), 69(-1,), 
|66 (149,27.9) : 45(-1,), 31(-1,), 44(-1,), 47(-1,), 92(-1,), 110(-1,), 
|67 (108.3,95.7) : 61(-1,), 23(-1,), 10(-1,), 37(-1,), 
|68 (132.1,150.3) : 5(-1,), 52(-1,), 57(-1,), 62(-1,), 
|69 (206.7,35.8) : 30(-1,), 65(-1,), 73(-1,), 83(-1,), 63(-1,), 
|70 (143.8,36.6) : 48(-1,), 59(-1,), 
|71 (14.9,139.9) : 72(-1,), 15(-1,), 163(-1,), 
|72 (8.1,146.7) : 71(-1,), 
|73 (219.5,32.8) : 64(-1,), 69(-1,), 
|74 (87,58.5) : 75(-1,), 25(-1,), 1(-1,), 122(-1,), 
|75 (97.7,56.1) : 74(-1,), 138(-1,), 
|76 (191.8,58.2) : 2(-1,), 77(-1,), 3(-1,), 86(-1,), 56(-1,), 136(-1,), 
|77 (160.2,25.3) : 76(-1,), 82(-1,), 87(-1,), 91(-1,), 102(-1,), 148(-1,), 
|78 (85,83.6) : 9(-1,), 24(-1,), 8(-1,), 81(-1,), 153(-1,), 157(-1,), 158(-1,), 
|79 (52.1,155.1) : 15(-1,), 80(-1,), 13(-1,), 0(-1,), 85(-1,), 88(-1,), 164(-1,), 
|80 (51.6,183.5) : 79(-1,), 85(-1,), 119(-1,), 
|81 (93.9,86.2) : 61(-1,), 78(-1,), 84(-1,), 
|82 (162.5,35.7) : 31(-1,), 77(-1,), 29(-1,), 86(-1,), 102(-1,), 169(-1,), 
|83 (213.3,39.6) : 64(-1,), 69(-1,), 63(-1,), 
|84 (92,91.1) : 81(-1,), 9(-1,), 61(-1,), 37(-1,), 
|85 (49.5,169.8) : 15(-1,), 80(-1,), 16(-1,), 79(-1,), 88(-1,), 120(-1,), 121(-1,), 119(-1,), 137(-1,), 
|86 (181.6,41.5) : 29(-1,), 76(-1,), 2(-1,), 82(-1,), 109(-1,), 
|87 (171.3,20.2) : 53(-1,), 77(-1,), 91(-1,), 102(-1,), 147(-1,), 
|88 (64.8,166.4) : 85(-1,), 0(-1,), 79(-1,), 13(-1,), 121(-1,), 
|89 (140.2,219.1) : 90(-1,), 33(-1,), 12(-1,), 32(-1,), 93(-1,), 162(-1,), 155(-1,), 
|90 (134.9,210.8) : 89(-1,), 93(-1,), 
|91 (162.9,18) : 44(-1,), 77(-1,), 87(-1,), 146(-1,), 147(-1,), 148(-1,), 
|92 (143.3,20.6) : 46(-1,), 66(-1,), 44(-1,), 
|93 (137.4,219.3) : 89(-1,), 94(-1,), 12(-1,), 90(-1,), 
|94 (123.1,231.7) : 93(-1,), 97(-1,), 
|95 (229.1,131.2) : 96(-1,), 34(-1,), 115(-1,), 130(-1,), 
|96 (223.3,127.2) : 95(-1,), 103(-1,), 
|97 (124.4,230.4) : 94(-1,), 12(-1,), 152(-1,), 
|98 (251.7,129.1) : 99(-1,), 100(-1,), 115(-1,), 
|99 (248.4,125.6) : 98(-1,), 
|100 (251.7,142.5) : 98(-1,), 115(-1,), 126(-1,), 
|101 (131.7,18.6) : 55(-1,), 49(-1,), 
|102 (162.2,28.8) : 77(-1,), 31(-1,), 87(-1,), 82(-1,), 147(-1,), 29(-1,), 169(-1,), 
|103 (215.2,127.2) : 96(-1,), 35(-1,), 131(-1,), 
|104 (238.5,94.2) : 21(-1,), 105(-1,), 136(-1,), 
|105 (232.3,38.5) : 104(-1,), 106(-1,), 136(-1,), 139(-1,), 
|106 (251.5,39.3) : 105(-1,), 22(-1,), 136(-1,), 139(-1,), 
|107 (214.7,178.4) : 40(-1,), 108(-1,), 7(-1,), 145(-1,), 
|108 (191,180) : 107(-1,), 112(-1,), 143(-1,), 145(-1,), 
|109 (192.1,42.5) : 86(-1,), 30(-1,), 29(-1,), 
|110 (155,27) : 45(-1,), 111(-1,), 66(-1,), 31(-1,), 44(-1,), 
|111 (156.1,26.2) : 110(-1,), 31(-1,), 44(-1,), 
|112 (185.4,148.8) : 4(-1,), 108(-1,), 5(-1,), 51(-1,), 143(-1,), 144(-1,), 
|113 (160.4,132.2) : 4(-1,), 114(-1,), 41(-1,), 10(-1,), 5(-1,), 
|114 (161.1,72.7) : 113(-1,), 118(-1,), 161(-1,), 
|115 (252.4,130.1) : 98(-1,), 95(-1,), 100(-1,), 
|116 (241.2,112.9) : 34(-1,), 117(-1,), 130(-1,), 
|117 (213.2,106.1) : 116(-1,), 130(-1,), 
|118 (161.5,88.7) : 41(-1,), 114(-1,), 10(-1,), 
|119 (55,176.2) : 80(-1,), 120(-1,), 85(-1,), 137(-1,), 
|120 (49.5,169.8) : 119(-1,), 121(-1,), 85(-1,), 
|121 (58.4,173.3) : 120(-1,), 88(-1,), 0(-1,), 85(-1,), 137(-1,), 
|122 (85.4,51.9) : 74(-1,), 123(-1,), 25(-1,), 128(-1,), 
|123 (52.1,48) : 122(-1,), 124(-1,), 125(-1,), 134(-1,), 
|124 (53.6,65.6) : 8(-1,), 123(-1,), 38(-1,), 1(-1,), 134(-1,), 
|125 (61.6,37.5) : 123(-1,), 1(-1,), 25(-1,), 132(-1,), 134(-1,), 
|126 (255.2,149.8) : 127(-1,), 100(-1,), 
|127 (255.8,145.3) : 126(-1,), 
|128 (89.9,34.5) : 26(-1,), 129(-1,), 122(-1,), 132(-1,), 25(-1,), 50(-1,), 
|129 (124.8,49.9) : 128(-1,), 135(-1,), 150(-1,), 
|130 (225.9,108.3) : 117(-1,), 34(-1,), 131(-1,), 21(-1,), 95(-1,), 116(-1,), 
|131 (221.6,113.1) : 130(-1,), 35(-1,), 34(-1,), 103(-1,), 
|132 (71.1,34.9) : 133(-1,), 125(-1,), 128(-1,), 25(-1,), 
|133 (68.3,26) : 132(-1,), 
|134 (60.8,50.5) : 1(-1,), 123(-1,), 124(-1,), 125(-1,), 
|135 (121.5,43.4) : 129(-1,), 48(-1,), 49(-1,), 50(-1,), 140(-1,), 149(-1,), 
|136 (238.7,65.8) : 21(-1,), 105(-1,), 106(-1,), 3(-1,), 104(-1,), 76(-1,), 
|137 (53.5,173.3) : 119(-1,), 121(-1,), 85(-1,), 
|138 (102.4,56) : 75(-1,), 50(-1,), 
|139 (240.8,24.7) : 105(-1,), 22(-1,), 106(-1,), 
|140 (114.2,34.6) : 26(-1,), 141(-1,), 135(-1,), 149(-1,), 166(-1,), 
|141 (126.2,54.8) : 140(-1,), 142(-1,), 150(-1,), 
|142 (128.8,59.1) : 58(-1,), 141(-1,), 
|143 (189.8,164.2) : 108(-1,), 144(-1,), 112(-1,), 145(-1,), 
|144 (184.5,170) : 143(-1,), 51(-1,), 145(-1,), 112(-1,), 
|145 (191.7,173.6) : 108(-1,), 144(-1,), 143(-1,), 107(-1,), 
|146 (162.9,24.7) : 91(-1,), 147(-1,), 148(-1,), 169(-1,), 
|147 (163.5,24.4) : 146(-1,), 102(-1,), 87(-1,), 91(-1,), 
|148 (160,21.8) : 77(-1,), 146(-1,), 44(-1,), 91(-1,), 
|149 (114.3,40.9) : 140(-1,), 50(-1,), 135(-1,), 26(-1,), 165(-1,), 
|150 (126.3,54.6) : 141(-1,), 129(-1,), 
|151 (110.7,216.3) : 11(-1,), 152(-1,), 
|152 (112.1,218.6) : 151(-1,), 97(-1,), 11(-1,), 12(-1,), 
|153 (67.6,96.8) : 8(-1,), 154(-1,), 9(-1,), 78(-1,), 157(-1,), 
|154 (81.5,73.3) : 153(-1,), 157(-1,), 158(-1,), 
|155 (144.9,203.5) : 33(-1,), 156(-1,), 32(-1,), 89(-1,), 
|156 (141,232.1) : 155(-1,), 162(-1,), 
|157 (74.9,85.2) : 78(-1,), 154(-1,), 8(-1,), 153(-1,), 158(-1,), 9(-1,), 
|158 (79.3,79.2) : 154(-1,), 78(-1,), 157(-1,), 
|159 (9.7,72.5) : 160(-1,), 39(-1,), 
|160 (10.2,73.3) : 159(-1,), 
|161 (170,63.9) : 19(-1,), 114(-1,), 2(-1,), 
|162 (143.1,226.2) : 156(-1,), 89(-1,), 32(-1,), 
|163 (30.5,148.1) : 71(-1,), 164(-1,), 15(-1,), 36(-1,), 
|164 (35.7,142) : 163(-1,), 79(-1,), 
|165 (108.3,38.4) : 50(-1,), 166(-1,), 26(-1,), 149(-1,), 
|166 (108.7,36.2) : 165(-1,), 140(-1,), 
|167 (137.8,52.7) : 168(-1,), 54(-1,), 
|168 (141.4,51.5) : 167(-1,), 
|169 (164.1,28.7) : 102(-1,), 146(-1,), 29(-1,), 82(-1,), 
&&&&&&&

Soulution found: true
Use Edge Splitting: false
Runtime: 0.0038751
Makespan: 424.575
Flowtime: 1198.32
Initial Cost: 1197.96
Collision Checking Time: 0.0001557
HL expanded: 4
LL searches: 14
LL expanded(avg): 9.5
agent_size: 0.5
introduce new node: 0
