19.5 30
10 39.5
19.4 30
10 20.5
19.4 30
19.4 30
10 20.6
10 30.1
10 19.5
10 50.5
10 20.5
10 20.6
10 19.5
10 10.1
10 19.4
10.1 30
28.9 30
10 11.1
19.5 30
10 39.5
19.4 30
10 20.5
19.4 30
19.4 30
10 20.6
10 30.1
10 19.5
10 50.5
10 20.5
10 20.6
10 19.5
10 10.1
10 19.4
10.1 30
28.9 30
10 11.1
19.5 30
10 39.5
19.4 30
10 20.5
19.4 30
19.4 30
10 20.6
10 30.1
10 19.5
10 50.5
10 20.5
10 20.6
10 19.5
10 10.1
10 19.4
10.1 30
28.9 30
10 11.1
19.5 30
10 39.5
19.4 30
10 20.5
19.4 30
19.4 30
19.5 30
10 39.5
19.4 30
10 20.5
19.4 30
19.4 30
19.5 30
10 39.5
19.4 30
10 20.5
19.4 30
19.4 30
130 148.9
120.5 188.9
130 148.9
120.5 188.9
120.5 140
105.5 200
105.5 200
120.5 140
120.5 140
96 200
114.9 200
111.1 140
129.9 140
120.6 140
95.5 200
95.5 200
114.4 200
105.6 200
119.2 191.5
111.1 140
129.9 140
110.6 140
110.5 140
129.4 140
100.5 140
100.5 140
119.4 140
85.5 200
85.5 200
104.4 200
105.6 200
119.2 191.5
105.5 200
110.6 140
110.5 140
129.4 140
105.5 200
120.5 188.8
130 148.8
101.7 140
120.6 140
115 209.5
130 148.9
120.5 188.9
120.5 140
105.6 200
119.2 191.5
105.5 200
105.5 200
130 148.9
120.5 188.9
120.5 140
105.6 200
119.2 191.5
105.5 200
105.5 200
108.5 105.8
90.5 110
108.5 105.8
116.9 101.5
116.9 101.5
126.2 100
108.5 105.7
117 101.5
100.1 110
108.5 105.7
118.9 100.5
117 101.5
129.4 100
111.5 104.2
129.4 100
111.5 104.2
111.6 104.2
126.3 100
108.4 105.7
149.4 100
130.5 100
149.4 100
139.9 100
121 100
139.9 100
149.3 100
130.4 100
139.8 100
120.9 100
139.8 100
130.3 100
120.8 100
139.7 100
130.3 100
130.2 100
130.4 100
139.7 100
149.2 100
108.5 105.8
90.5 110
108.5 105.8
116.9 101.5
116.9 101.5
126.2 100
108.5 105.7
117 101.5
100.1 110
108.5 105.7
118.9 100.5
117 101.5
129.4 100
111.5 104.2
129.4 100
111.5 104.2
111.6 104.2
126.3 100
108.4 105.7
149.4 100
130.5 100
149.4 100
139.9 100
121 100
139.9 100
149.3 100
130.4 100
139.8 100
120.9 100
139.8 100
130.3 100
120.8 100
139.7 100
130.3 100
130.2 100
130.4 100
139.7 100
149.2 100
108.5 105.8
90.5 110
108.5 105.8
116.9 101.5
116.9 101.5
126.2 100
108.5 105.7
117 101.5
100.1 110
108.5 105.7
118.9 100.5
117 101.5
129.4 100
111.5 104.2
129.4 100
111.6 104.2
111.5 104.2
126.3 100
149.4 100
130.5 100
149.4 100
139.9 100
121 100
139.9 100
149.3 100
130.4 100
139.8 100
120.9 100
139.8 100
130.3 100
120.8 100
139.7 100
130.3 100
130.2 100
130.4 100
139.7 100
149.2 100
108.4 105.7
138.8 100
138.8 100
148.3 100
129.3 100
138.7 100
148.2 100
108.5 105.8
90.5 110
108.4 105.8
116.9 101.6
116.8 101.6
118.9 100.5
129.4 100
111.5 104.2
129.4 100
138.8 100
138.8 100
149.4 100
130.5 100
149.4 100
148.3 100
129.3 100
138.7 100
148.2 100
126.1 100
106.7 103.3
90.5 110
106.7 103.3
113.4 96.6
113.4 96.6
129.4 90
113.3 96.7
129.4 90
109.5 100.5
149.4 90
130.5 90
149.4 90
139.9 90
121 90
139.9 90
133.4 90
149.3 90
130.4 90
130.4 90
139.8 90
120.9 90
139.8 90
130.3 90
130.3 90
120.8 90
139.7 90
130.2 90
149.2 90
139.7 90
138.8 90
138.8 90
148.3 90
129.3 90
138.7 90
148.2 90
106.7 103.3
90.5 110
106.7 103.3
113.4 96.6
113.4 96.6
129.4 90
113.3 96.7
129.4 90
109.5 100.5
149.4 90
130.5 90
149.4 90
139.9 90
121 90
139.9 90
133.4 90
149.3 90
130.4 90
130.4 90
139.8 90
120.9 90
139.8 90
130.3 90
130.3 90
120.8 90
139.7 90
130.2 90
149.2 90
139.7 90
138.8 90
138.8 90
148.3 90
129.3 90
138.7 90
148.2 90
106.7 103.3
90.5 110
106.7 103.3
113.4 96.6
113.4 96.6
129.4 90
113.3 96.7
129.4 90
109.5 100.5
149.4 90
130.5 90
149.4 90
139.9 90
121 90
139.9 90
133.4 90
149.3 90
130.4 90
130.4 90
139.8 90
120.9 90
139.8 90
130.3 90
130.3 90
120.8 90
139.7 90
130.2 90
149.2 90
139.7 90
138.8 90
138.8 90
148.3 90
129.3 90
138.7 90
148.2 90
