0.5,8,0.00152824,1452.95,367.014,0,
0.5,8,0.00303533,1588,434.279,2,
0.5,8,0.00111271,1309.24,308.918,0,
0.5,8,0.00314452,1876.32,326.536,1,
0.5,8,0.000973807,1957.68,365.71,0,
0.5,8,0.000741883,1359.67,431.963,0,
0.5,8,0.00125848,1688,342.698,1,
0.5,8,0.00426039,1938.84,355.502,0,
0.5,8,0.000786928,1778.03,298.359,0,
0.5,8,0.00517407,1760.19,301.744,7,
0.5,8,0.0115014,2214.69,366.235,5,
0.5,8,0.0017973,1517.79,280.886,2,
0.5,8,0.00128315,1610.55,343.191,1,
0.5,8,0.000474114,1720.31,373.536,0,
0.5,8,0.00303282,2023.1,344.615,1,
0.5,8,0.0121008,1030.57,265.443,7,
0.5,8,0.00322894,1700.02,298.402,1,
0.5,8,0.00122962,1817.1,298.307,0,
0.5,8,0.00502066,1580.69,411.993,3,
0.5,8,0.000691992,1789.55,331.676,0,
0.5,8,0.000825199,1430.21,406.637,4,
0.5,8,0.00393324,1776.95,380.831,4,
0.5,8,0.00728109,2204.23,430.224,7,
0.5,8,0.00269084,1260.77,304.487,1,
0.5,8,0.00260603,1940.11,386.162,1,
0.5,8,0.00229398,1822.83,394.693,2,
0.5,8,0.0083615,1927.29,408.364,7,
0.5,8,0.00104388,1649.98,322.914,0,
0.5,8,0.000562389,1418.76,360.558,0,
0.5,8,0.00617,2069.71,340.519,3,
0.5,8,0.0498452,1159.06,295.771,40,
0.5,8,0.0657469,2033.44,392.698,16,
0.5,8,0.223547,1884.63,335.73,25,
0.5,8,0.297352,1660.06,406.167,42,
0.5,8,0.00141785,2033.63,390.586,0,
0.5,8,0.00112732,2188.15,441.304,0,
0.5,8,0.00526439,1241.21,360.663,3,
0.5,8,0.00225532,2260.82,362.062,0,
0.5,8,0.0142173,1982.3,387.457,11,
0.5,8,0.0707155,1314.08,355.154,11,
0.5,8,0.0846778,1981.84,445.622,21,
0.5,8,0.0852166,1309.29,290.082,15,
0.5,8,1.58033,1403.64,268.839,47,
0.5,8,300.045,2051.06,450.552,63,
0.5,8,300.034,1871.76,433.025,21,
0.5,8,300.047,1964.01,349.633,39,
0.5,8,300.067,1696.52,344.581,31,
0.5,8,300.05,1873.76,330.9,111,
0.5,8,300.054,1273.94,323.81,26,
0.5,8,300.084,2139.6,403.497,45,
0.5,8,0.01057,1387.86,246.642,5,
0.5,8,0.00469586,937.956,170.735,2,
0.5,8,3.40482e-317,-1,-1,0,
0.5,8,0.00485899,1054.82,224.475,2,
0.5,8,0.583974,1149.63,255.784,25,
0.5,8,0.00248909,594.891,180.128,0,
0.5,8,0.00110387,716.382,212.553,0,
0.5,8,0.00150435,1333.25,272.072,0,
0.5,8,0.0541832,1200.66,206.554,15,
0.5,8,0.0839353,1035.79,211.059,19,
0.5,8,0.242831,1457.61,253.574,10,
0.5,8,0.69517,1125.62,265.509,32,
0.5,8,0.00250373,1121.19,222.923,0,
0.5,8,0.00963357,1006.14,247.836,4,
0.5,8,0.0011858,1125.61,251.671,0,
0.5,8,3.40482e-317,-1,-1,0,
0.5,8,0.0183185,1194.83,288.119,4,
0.5,8,0.0425618,1396.13,261.34,9,
0.5,8,0.0464674,1462.46,263.09,3,
0.5,8,0.00268309,1021,319.464,0,
0.5,8,0.00937223,1399.46,301.365,3,
0.5,8,0.0136665,896.416,162.331,1,
0.5,8,0.0390029,865.919,264.623,6,
0.5,8,0.0354996,1180.3,262.417,1,
0.5,8,0.00499671,1067.54,247.114,1,
0.5,8,0.00267592,1017.75,212.715,0,
0.5,8,0.004748,1077.07,177.896,2,
0.5,8,0.0409882,1343.35,313.794,3,
0.5,8,0.0329952,1392.6,280.379,10,
0.5,8,1.42953,1212.03,255.22,40,
0.5,8,0.00221707,1265.89,260.77,0,
0.5,8,0.00494099,1153.92,258.314,2,
0.5,8,0.00884122,1166.67,252.809,5,
0.5,8,0.0433417,1150.95,287.904,2,
0.5,8,5.54954,950.562,189.445,52,
0.5,8,0.582058,1100.43,299.657,27,
0.5,8,0.00695477,1134.19,233.554,1,
0.5,8,3.40482e-317,-1,-1,0,
0.5,8,0.01374,1428.43,289.217,5,
0.5,8,0.042922,816.749,208.569,2,
0.5,8,0.0707489,1125.54,257.518,29,
0.5,8,0.39349,1147.42,255.963,18,
0.5,8,0.00318458,776.762,177.942,0,
0.5,8,3.40482e-317,-1,-1,0,
0.5,8,0.0228631,1525.15,315.755,7,
0.5,8,0.0170969,1471.11,213.702,5,
0.5,8,2.15273,962.479,278.407,44,
0.5,8,1.23028,1443.75,315.382,20,
0.5,8,11.258,1458.28,272.534,65,
0.5,8,300,1459.68,273.854,141,
0.5,8,0.0332365,1352.76,212.377,1,
0.5,8,3.01026,954.509,196.813,25,
0.5,8,1.59445,1325.46,223.129,18,
0.5,8,0.00774668,966.001,276.987,0,
0.5,8,0.00883374,1024.2,248.598,0,
0.5,8,0.0102964,1119.36,325.245,0,
0.5,8,7.79857,1144.04,265.497,19,
0.5,8,0.0191889,1180.95,208.954,1,
0.5,8,0.00829416,1029.43,285.988,0,
0.5,8,0.00761762,922.195,274.758,0,
0.5,8,0.257658,938.023,273.9,5,
0.5,8,0.00952326,1089.92,198.726,0,
0.5,8,2.27154,934.753,193.624,35,
0.5,8,0.00957509,1145.14,193.066,0,
0.5,8,0.261709,1013.47,293.275,0,
0.5,8,25.7703,1232.73,254.228,32,
0.5,8,37.7437,1222.24,297.37,45,
0.5,8,0.00982046,860.372,224.805,0,
0.5,8,0.130787,1033.25,222.075,5,
0.5,8,0.00701523,844.23,207.011,0,
0.5,8,0.0108414,1158.54,231.199,0,
0.5,8,0.006577,818.201,189.537,0,
0.5,8,6.96714,1158.65,250.999,20,
0.5,8,0.00720477,881.573,254.552,0,
0.5,8,4.60377,1031.81,208.098,19,
0.5,8,0.00890644,1069.83,257.63,0,
0.5,8,0.0644548,887.411,197.754,2,
0.5,8,4.46529,1366.21,248.79,38,
0.5,8,0.00804604,924.45,168.189,0,
0.5,8,0.0117752,1263.94,289.18,0,
0.5,8,0.0744783,957.151,218.27,1,
0.5,8,300.126,996.704,235.053,48,
0.5,8,300.034,930.375,233.82,66,
0.5,8,300.055,1179.9,275.352,65,
0.5,8,300.033,1223.69,305.533,135,
0.5,8,300.024,1377.88,249.796,69,
0.5,8,300.008,867.681,194.5,77,
0.5,8,300.061,1498.29,294,64,
0.5,8,300.005,859.481,202.759,63,
0.5,8,244.326,1426.2,265.381,41,
0.5,8,300.069,1331.47,255.131,23,
0.5,8,300.025,1221.23,234.214,76,
0.5,8,300.02,1155.32,219.64,67,
0.5,8,300.082,1519.18,319.22,55,
0.5,8,300.007,1213.6,233.401,37,
0.5,8,300.026,1214.66,274.882,55,
0.5,8,300,1247.39,260.971,60,
0.5,8,300.032,1331.88,222.399,37,
0.5,8,300.028,1008.22,230.077,54,
0.5,8,300.029,1106.44,231.099,63,
