0.5,9,0.00335433,1855.76,434.913,0,
0.5,9,0.00432614,1862.56,407.513,0,
0.5,9,0.00418567,2044.25,326.536,0,
0.5,9,0.107449,1848.85,406.167,0,
0.5,9,0.00206736,1998.96,365.71,0,
0.5,9,0.00178148,1667.62,432.597,0,
0.5,9,0.00139941,1721.18,342.698,0,
0.5,9,0.00608904,2148.79,366.857,0,
0.5,9,0.0111132,2407.32,366.235,0,
0.5,9,0.0276003,1843.63,301.744,0,
0.5,9,0.00218542,1842.81,298.359,0,
0.5,9,0.00755635,1218.59,265.443,0,
0.5,9,0.00198837,1658.44,280.886,0,
0.5,9,0.00197437,1865.84,343.191,0,
0.5,9,0.00183582,1997.66,297.642,0,
0.5,9,0.0106023,2071.42,344.615,0,
0.5,9,0.000557761,1901.19,373.536,0,
0.5,9,0.0042184,1766.35,411.993,0,
0.5,9,0.00402286,1997.73,298.307,0,
0.5,9,0.000783202,1872.16,331.676,0,
0.5,9,0.000917473,1602.66,406.637,0,
0.5,9,0.00420149,1830.35,380.831,0,
0.5,9,0.00543796,2416.62,430.224,0,
0.5,9,0.00785396,1172.8,295.771,0,
0.5,9,0.0574033,2073.67,432.801,0,
0.5,9,0.804514,2117.5,330.9,0,
0.5,9,0.937974,1555.65,350.135,0,
0.5,9,0.00242365,1583.68,322.914,0,
0.5,9,0.00241991,1975.06,386.162,0,
0.5,9,0.000792128,1664.34,322.914,0,
0.5,9,0.00326032,2173.14,394.693,0,
0.5,9,0.000533315,1869.97,451.202,0,
0.5,9,0.000947317,2311.42,390.586,0,
0.5,9,0.0103876,1974.78,408.364,0,
0.5,9,0.00883726,2329.44,344.217,0,
0.5,9,0.472998,2322.72,437.402,0,
0.5,9,0.0020456,2465.46,441.304,0,
0.5,9,0.00695757,1706.93,465.714,0,
0.5,9,0.00296576,2514.87,362.062,0,
0.5,9,0.00447008,1709.38,395.306,0,
0.5,9,0.0438756,1510.88,290.082,0,
0.5,9,0.13138,1981.84,445.622,0,
0.5,9,1.38175,1565.99,268.839,0,
0.5,9,300.046,1540,309.834,0,
0.5,9,300.037,2473.57,402.421,0,
0.5,9,300.03,1836.5,344.581,0,
0.5,9,300.014,2099.72,450.851,0,
0.5,9,300.01,2146.86,349.633,0,
0.5,9,300.004,2370.49,404.97,0,
0.5,9,300.001,2269.17,387.416,0,
0.5,9,0.00523944,947.545,170.735,0,
0.5,9,3.40482e-317,-1,-1,0,
0.5,9,0.0202671,1667.5,278.221,0,
0.5,9,0.0226123,1142.36,224.475,0,
0.5,9,0.00766551,837.369,241.065,0,
0.5,9,0.0243175,857.817,212.553,0,
0.5,9,0.0984964,1090.79,211.059,0,
0.5,9,0.234584,1600.07,253.574,0,
0.5,9,0.575501,1358.08,255.784,0,
0.5,9,3.40482e-317,-1,-1,0,
0.5,9,3.40482e-317,-1,-1,0,
0.5,9,0.0170787,1628.31,290.934,0,
0.5,9,0.52271,1021.91,247.836,0,
0.5,9,0.637121,1349.24,265.509,0,
0.5,9,0.00127896,1339.62,251.671,0,
0.5,9,0.00621756,1404.13,282.933,0,
0.5,9,0.0179725,1383.67,288.119,0,
0.5,9,0.00240382,1156.03,319.464,0,
0.5,9,0.035524,1571.62,261.34,0,
0.5,9,0.00989954,1675.23,301.365,0,
0.5,9,0.0222167,1063.02,264.623,0,
0.5,9,0.0133502,1056.02,162.331,0,
0.5,9,4.97804,1247.72,297.157,0,
0.5,9,0.013079,1241.49,177.896,0,
0.5,9,0.0329705,1447.07,266.772,0,
0.5,9,0.116452,1619.7,280.379,0,
0.5,9,1.24767,1294.05,255.22,0,
0.5,9,0.00478737,1104.79,247.114,0,
0.5,9,0.00155038,1198.51,212.715,0,
0.5,9,3.40482e-317,-1,-1,0,
0.5,9,0.0435366,1547.82,313.794,0,
0.5,9,3.40482e-317,-1,-1,0,
0.5,9,0.00614021,1339.47,258.314,0,
0.5,9,0.0079903,1191.63,252.821,0,
0.5,9,0.00541408,1446.75,312.558,0,
0.5,9,0.526407,1131.07,299.657,0,
0.5,9,3.40482e-317,-1,-1,0,
0.5,9,3.40482e-317,-1,-1,0,
0.5,9,2.04814,994.953,278.407,0,
0.5,9,0.0342656,1655.86,289.964,0,
0.5,9,0.0400665,1013.74,208.569,0,
0.5,9,0.0685811,1340.11,257.518,0,
0.5,9,0.386259,1186.67,255.963,0,
0.5,9,0.0180955,1570.13,213.702,0,
0.5,9,0.0232288,1648.32,315.755,0,
0.5,9,0.0410807,1053.16,276.397,0,
0.5,9,1.18415,1468.7,315.382,0,
0.5,9,13.6853,1308.31,206.554,0,
0.5,9,10.2152,1567.81,272.534,0,
0.5,9,300.002,1545.52,273.854,0,
0.5,9,2.60069,1139.42,196.813,0,
0.5,9,1.19253,1450.88,212.377,0,
0.5,9,7.23566,1277.42,265.497,0,
0.5,9,0.0088363,1055.13,248.598,0,
0.5,9,0.011176,1253.64,325.245,0,
0.5,9,0.018926,1206.36,208.954,0,
0.5,9,0.00957712,1087.59,285.988,0,
0.5,9,0.00806163,1111.78,274.758,0,
0.5,9,0.297522,1014.33,273.902,0,
0.5,9,0.0119639,1237.99,198.726,0,
0.5,9,0.293922,1213.43,193.066,0,
0.5,9,2.25877,988.234,193.624,0,
0.5,9,0.25947,1119.48,293.275,0,
0.5,9,23.6492,1345.35,254.228,0,
0.5,9,37.5301,1391.51,297.37,0,
0.5,9,0.00900942,905.079,207.011,0,
0.5,9,6.31291,1301.5,250.999,0,
0.5,9,13.2127,1358.62,231.199,0,
0.5,9,0.00794283,951.358,189.537,0,
0.5,9,0.00761417,985.898,254.552,0,
0.5,9,0.0107278,1173.53,257.63,0,
0.5,9,0.0658687,1067.7,197.754,0,
0.5,9,4.29397,1433.86,248.79,0,
0.5,9,0.00857407,1085.45,168.189,0,
0.5,9,0.012616,1380.57,289.18,0,
0.5,9,0.074514,1033.98,218.27,0,
0.5,9,124.549,1021.5,224.805,0,
0.5,9,300.019,1163.13,235.053,0,
0.5,9,300.084,1076.9,233.797,0,
0.5,9,300.006,1498.49,223.345,0,
0.5,9,300.207,1265.3,275.352,0,
0.5,9,300.027,1266.77,300.267,0,
0.5,9,300.018,1376.94,305.538,0,
0.5,9,300.018,1525.21,249.796,0,
0.5,9,300.008,1035.4,194.5,0,
0.5,9,300.035,1685.55,293.985,0,
0.5,9,300.009,1266.86,233.507,0,
0.5,9,300.003,1090.23,230.716,0,
0.5,9,300.063,1448.08,255.118,0,
0.5,9,300.005,1271.79,234.222,0,
0.5,9,300.048,1275.17,243.798,0,
0.5,9,300.016,1269.88,219.55,0,
0.5,9,300.078,1607.71,319.22,0,
0.5,9,300.004,1281.23,233.269,0,
0.5,9,273.724,1666.35,265.398,0,
0.5,9,300.026,1312.1,274.889,0,
0.5,9,300.051,1462.61,261.522,0,
0.5,9,300.027,1477.68,222.399,0,
0.5,9,300.023,1282.46,274.283,0,
0.5,9,300.116,1218.17,231.105,0,
