1.5,6,0.00109225,909.435,278.223,0,
1.5,6,0.0101641,1228.36,308.604,9,
1.5,6,0.0176532,1332.06,267.734,19,
1.5,6,0.0122175,560.854,161.844,10,
1.5,6,0.0172966,1244.12,242.604,9,
1.5,6,0.000405476,1173.67,329.118,0,
1.5,6,0.00225528,1174.57,338.881,2,
1.5,6,0.00035335,975.157,386.298,0,
1.5,6,0.00755431,1110.33,255.766,7,
1.5,6,0.00070731,1010.95,332.13,0,
1.5,6,0.00230683,1102.43,411.228,3,
1.5,6,0.800727,1473.23,387.573,46,
1.5,6,0.00155667,1205.79,294.524,0,
1.5,6,0.000367425,1224.58,370.741,0,
1.5,6,0.000610008,917.013,273.592,0,
1.5,6,0.0052806,1418.76,317.843,7,
1.5,6,0.00102945,1022.17,356.424,0,
1.5,6,0.0103258,1060.48,379.692,11,
1.5,6,0.538534,1578.75,346.197,53,
1.5,6,0.00139057,836.26,287.996,1,
1.5,6,0.00170135,1018.53,409.052,1,
1.5,6,0.00269293,1050.33,354.479,4,
1.5,6,0.0068338,1689.44,377.912,7,
1.5,6,0.24637,1318.2,322.316,19,
1.5,6,0.0017635,1619.6,382.569,4,
1.5,6,0.000406619,702.526,232.52,0,
1.5,6,0.000621259,992.157,287.627,1,
1.5,6,0.00425545,1198.23,337.903,10,
1.5,6,0.000850939,1199.09,334.768,0,
1.5,6,0.000956876,1184.18,336.741,0,
1.5,6,0.00784606,1194.46,288.593,11,
1.5,6,0.00177718,981.97,356.56,4,
1.5,6,0.0377723,1442.98,424.924,13,
1.5,6,0.000704034,835.692,339.604,1,
1.5,6,0.00751548,1262.63,319.84,2,
1.5,6,0.548426,1383.83,377.222,52,
1.5,6,0.00146208,1097.53,405.516,2,
1.5,6,0.0024667,1402.5,303.493,4,
1.5,6,0.00131144,825.474,383.293,0,
1.5,6,0.0023098,1223.53,399.68,8,
1.5,6,0.00696899,1236.69,373.196,9,
1.5,6,0.00126241,1476.52,459.534,0,
1.5,6,0.00105282,1292.67,351.46,1,
1.5,6,0.0167416,1180.67,274.29,10,
1.5,6,300.104,1576.11,370.226,187,
1.5,6,300.007,1718.96,351.612,56,
1.5,6,300.012,938.025,311.933,39,
1.5,6,300.051,1165.13,245.954,55,
1.5,6,300.002,1459.69,427.617,182,
1.5,6,300.049,1124.46,369.717,33,
1.5,6,0.172035,968.275,212.997,27,
1.5,6,0.0011976,1148.28,309.512,0,
1.5,6,3.40482e-317,-1,-1,0,
1.5,6,0.0009227,882.909,304.29,0,
1.5,6,0.262456,994.851,260.218,1,
1.5,6,0.0197881,772.641,222.624,13,
1.5,6,0.0424031,1167.68,291.185,11,
1.5,6,0.172397,985.481,241.212,2,
1.5,6,0.000754667,651.835,168.679,0,
1.5,6,0.133608,921.082,243.041,8,
1.5,6,0.00970093,1148.75,250.369,5,
1.5,6,0.437831,948.7,222.999,28,
1.5,6,0.00108985,921.083,230.93,0,
1.5,6,0.0742198,1128.83,274.056,15,
1.5,6,0.00089,620.85,273.133,0,
1.5,6,3.1898,1064.93,304.638,18,
1.5,6,0.00161165,840.272,301.289,0,
1.5,6,0.0596137,1032.77,230.807,14,
1.5,6,0.628242,999.55,253.424,10,
1.5,6,7.43788,870.65,280.91,46,
1.5,6,0.00390217,985.733,267.528,0,
1.5,6,0.0031854,939.091,250.03,3,
1.5,6,0.813347,952.237,235.772,42,
1.5,6,3.40482e-317,-1,-1,0,
1.5,6,0.138784,748.796,180.485,24,
1.5,6,0.685841,684.537,149.462,39,
1.5,6,0.0102277,902.067,209.594,4,
1.5,6,0.00101942,1049.34,274.045,0,
1.5,6,0.0102606,766.518,246.216,4,
1.5,6,13.2754,703.001,168.205,44,
1.5,6,3.40482e-317,-1,-1,0,
1.5,6,0.0253173,584.169,153.644,14,
1.5,6,0.000776279,736.927,262.893,0,
1.5,6,0.0124516,1091.5,269.739,3,
1.5,6,11.9733,1070.61,298.959,50,
1.5,6,0.835036,1087.54,265.051,30,
1.5,6,0.00261443,768.924,206.99,1,
1.5,6,0.00144696,780.121,174.939,0,
1.5,6,0.0705414,936.354,223.219,23,
1.5,6,0.0517973,1156.75,280.493,10,
1.5,6,0.197755,1101.98,308.266,20,
1.5,6,0.0268068,750.995,224.4,23,
1.5,6,0.000855987,732.14,236.928,0,
1.5,6,0.00313008,766.82,221.504,0,
1.5,6,3.40482e-317,-1,-1,0,
1.5,6,14.4205,869.106,218.131,53,
1.5,6,64.576,1278.29,296.163,173,
1.5,6,300.001,745.059,200.023,112,
1.5,6,300.13,859.847,219.779,56,
1.5,6,300.002,651.057,166.143,124,
1.5,6,0.00933895,982.471,229.828,0,
1.5,6,0.00488652,655.944,179.323,0,
1.5,6,0.0052613,572.346,189.37,0,
1.5,6,0.00819397,954.635,273.914,0,
1.5,6,0.0127017,1224.76,278.323,0,
1.5,6,0.00435299,602.253,143.395,0,
1.5,6,0.0857163,880.606,217.265,0,
1.5,6,0.164709,736.035,189.621,11,
1.5,6,0.431028,736.133,201.112,16,
1.5,6,0.00662599,727.57,192.673,0,
1.5,6,0.00792304,844.982,279.94,0,
1.5,6,0.394511,886.274,222.374,5,
1.5,6,0.00759303,802.461,202.536,0,
1.5,6,0.0114203,1020.74,292.706,0,
1.5,6,0.00533546,507.336,250.517,0,
1.5,6,0.00766328,736.447,234.293,0,
1.5,6,0.084095,1065.87,262.576,5,
1.5,6,0.00641568,762.258,252.521,0,
1.5,6,0.00831146,845.006,262.48,0,
1.5,6,0.00865406,929.64,216.101,0,
1.5,6,0.00518991,632.344,150.348,0,
1.5,6,0.00818185,791.176,251.618,0,
1.5,6,0.293425,822.486,204.599,22,
1.5,6,300.147,920.424,288.733,66,
1.5,6,300.004,754.846,188.251,15,
1.5,6,300.045,661.166,201.032,56,
1.5,6,300.002,693.126,199.097,40,
1.5,6,300.189,992.55,241.184,65,
1.5,6,300.075,872.431,305.032,31,
1.5,6,300.001,795.716,200.107,89,
1.5,6,300.017,1039.08,272.299,65,
1.5,6,300.026,1165.64,282.804,69,
1.5,6,300.011,777.686,172.499,77,
1.5,6,300.004,800.419,214.582,100,
1.5,6,300.003,840.99,273.849,53,
1.5,6,300.042,811.527,271.414,86,
1.5,6,300.004,941.399,178.551,59,
1.5,6,300.043,691.449,148.579,74,
1.5,6,300.087,1149.18,299.182,62,
1.5,6,300.03,811.74,249.06,96,
1.5,6,300.001,807.359,255.186,155,
1.5,6,300.017,964.559,265.162,62,
1.5,6,300.02,1222.71,268.637,74,
1.5,6,300.005,935.7,236.758,134,
1.5,6,300,652.178,241.726,40,
1.5,6,300.297,954.576,256.084,41,
1.5,6,300.006,1325.06,305.643,86,
1.5,6,300.018,1166.08,288.298,80,
1.5,6,300.03,664.905,176.974,46,
1.5,6,300.095,899.996,272.872,26,
