1.5,9,0.460787,1833.07,447.811,0,
1.5,9,0.140081,1958.48,304.767,0,
1.5,9,0.0196914,1714.26,382.188,0,
1.5,9,0.00209954,1841.25,386.298,0,
1.5,9,0.00590698,1794.56,334.686,0,
1.5,9,7.07429,1845.92,433.58,0,
1.5,9,0.321595,2269.63,387.72,0,
1.5,9,0.0108393,1936.4,317.843,0,
1.5,9,0.0057082,1613.65,370.741,0,
1.5,9,0.00162477,1693.06,278.316,0,
1.5,9,0.368439,1966.23,449.515,0,
1.5,9,0.0405071,1454.43,379.819,0,
1.5,9,0.0651935,1528.32,305.973,0,
1.5,9,0.0271701,1753.59,409.052,0,
1.5,9,0.0319261,1829.06,361.421,0,
1.5,9,4.74176,2091.55,345.563,0,
1.5,9,0.0196263,2236.7,382.569,0,
1.5,9,3.48152,1602.61,444.578,0,
1.5,9,0.00219839,905.854,232.52,0,
1.5,9,0.00120972,1503.35,325.502,0,
1.5,9,3.22128,2632.62,351.225,0,
1.5,9,0.00765949,1491.64,343.502,0,
1.5,9,0.0105724,1900.42,338.537,0,
1.5,9,0.0143766,1749.36,321.619,0,
1.5,9,0.00414912,1530.25,359.233,0,
1.5,9,0.0469304,2160.43,424.924,0,
1.5,9,0.131372,1982.87,377.227,0,
1.5,9,0.00393303,1639.83,405.516,0,
1.5,9,3.4722,2037.05,366.252,0,
1.5,9,0.929478,1606.56,411.889,0,
1.5,9,0.0557647,1848.57,373.196,0,
1.5,9,0.0681079,2110.88,399.68,0,
1.5,9,0.00256313,2073.44,459.534,0,
1.5,9,0.256736,1880.53,351.46,0,
1.5,9,15.6063,1678.91,358.986,0,
1.5,9,0.146207,2080.29,351.414,0,
1.5,9,26.3161,2173.92,374.818,0,
1.5,9,300.013,1714.07,322.244,0,
1.5,9,300,2129.43,401.311,0,
1.5,9,300.06,1863.45,315.77,0,
1.5,9,300.047,1719.9,283.243,0,
1.5,9,300.003,1886.96,309.185,0,
1.5,9,300.026,1832.98,411.228,0,
1.5,9,300.054,2226.04,445.157,0,
1.5,9,300,2421.41,377.917,0,
1.5,9,300,2063.44,322.43,0,
1.5,9,300.059,1717.98,336.741,0,
1.5,9,300.051,2193.96,331.152,0,
1.5,9,300.001,2089.14,438.899,0,
1.5,9,300.001,2050.1,369.345,0,
1.5,9,3.40482e-317,-1,-1,0,
1.5,9,10.0717,1732.63,309.512,0,
1.5,9,2.18601,1294.13,264.95,0,
1.5,9,1.43252,1288.06,235.014,0,
1.5,9,18.3914,1397.86,304.29,0,
1.5,9,7.92154,1278.94,228.847,0,
1.5,9,0.20788,1743.84,311.734,0,
1.5,9,0.439441,1432.64,289.7,0,
1.5,9,0.527378,1465.88,292.033,0,
1.5,9,0.0011528,1005.14,273.133,0,
1.5,9,0.00178006,1002.42,301.289,0,
1.5,9,0.287497,1367.8,230.899,0,
1.5,9,0.616241,1744.24,303.144,0,
1.5,9,7.61463,1421.76,302.205,0,
1.5,9,0.0748136,1500.39,250.03,0,
1.5,9,3.40482e-317,-1,-1,0,
1.5,9,6.23794,1135.02,235.084,0,
1.5,9,2.08225,1012.01,251.309,0,
1.5,9,13.2676,1049.45,188.582,0,
1.5,9,0.00801509,1471.8,274.045,0,
1.5,9,0.0241135,1119.6,243.014,0,
1.5,9,6.51268,1116.15,180.485,0,
1.5,9,3.40482e-317,-1,-1,0,
1.5,9,12.0933,1542.45,298.959,0,
1.5,9,0.123501,1077.44,217.327,0,
1.5,9,0.103143,1215.01,262.893,0,
1.5,9,7.11725,1062.91,209.415,0,
1.5,9,0.0971123,1068.78,175.097,0,
1.5,9,0.244168,1652.51,280.493,0,
1.5,9,0.628225,1619.47,308.266,0,
1.5,9,0.0217999,1221.87,252.956,0,
1.5,9,0.138398,1410.54,294.194,0,
1.5,9,0.00530925,1349.18,238.795,0,
1.5,9,3.40482e-317,-1,-1,0,
1.5,9,300.001,1189.26,213.105,0,
1.5,9,300,1648.76,291.185,0,
1.5,9,300.002,1561.44,268.25,0,
1.5,9,300.003,1109.48,200.023,0,
1.5,9,300,1320.2,243.041,0,
1.5,9,300.007,1739.63,275.119,0,
1.5,9,300.013,1785.54,307.043,0,
1.5,9,300,1581.33,267.528,0,
1.5,9,300.002,1584.7,270.231,0,
1.5,9,300.001,1317.26,222.945,0,
1.5,9,300.001,1406.37,270.757,0,
1.5,9,300.001,1493.17,270.202,0,
1.5,9,300.002,1341.77,261.782,0,
1.5,9,300.001,943.147,166.143,0,
1.5,9,300.006,1871.04,297.576,0,
1.5,9,300,1221.97,218.131,0,
1.5,9,0.0110574,1209.74,229.828,0,
1.5,9,0.00662841,947.745,179.323,0,
1.5,9,0.0255745,1070.83,301.788,0,
1.5,9,0.0959952,1460.93,217.265,0,
1.5,9,0.172316,1056.35,192.162,0,
1.5,9,5.0322,1105.81,192.673,0,
1.5,9,2.27001,1111.7,234.293,0,
1.5,9,0.0810539,1271.36,262.576,0,
1.5,9,300.08,1415.12,288.737,0,
1.5,9,300.167,1104.62,187.511,0,
1.5,9,300.075,1116.59,215.222,0,
1.5,9,300.017,1131.46,257.408,0,
1.5,9,300,1155.17,208.808,0,
1.5,9,300.042,1453.28,290.345,0,
1.5,9,300.026,1577.6,278.341,0,
1.5,9,10.6119,1257.9,216.101,0,
1.5,9,4.28313,951.048,151.661,0,
1.5,9,300.02,1255.39,231.566,0,
1.5,9,5.49246,1082.14,204.599,0,
1.5,9,300.025,1476.74,241.184,0,
1.5,9,300.011,1136.92,279.946,0,
1.5,9,300.029,1287.82,305.068,0,
1.5,9,300.003,1264.32,222.402,0,
1.5,9,300.015,1350.07,296.491,0,
1.5,9,300.709,1649.47,288.723,0,
1.5,9,300.071,1525.72,282.804,0,
1.5,9,300.009,1178.31,172.483,0,
1.5,9,300.019,1137.05,214.542,0,
1.5,9,300.001,1123.23,273.849,0,
1.5,9,300.022,1357.3,271.414,0,
1.5,9,300.001,1033.2,202.888,0,
1.5,9,300.027,1656.17,292.706,0,
1.5,9,300.026,1260.09,178.551,0,
1.5,9,300.031,1077.78,169.423,0,
1.5,9,145.395,1336.43,341.02,0,
1.5,9,300.027,877.732,250.543,0,
1.5,9,300.1,1352.27,299.191,0,
1.5,9,300.013,1326.74,249.06,0,
1.5,9,300,1201.03,255.248,0,
1.5,9,300.151,1280.13,265.174,0,
1.5,9,300.129,1709.1,268.696,0,
1.5,9,300.147,1363.82,236.758,0,
1.5,9,300.005,858.465,241.735,0,
1.5,9,300.012,1356.66,252.521,0,
1.5,9,300,1410.77,256.292,0,
1.5,9,300,1102.68,262.48,0,
1.5,9,300.004,1824.7,305.634,0,
1.5,9,300.021,1358.92,288.298,0,
1.5,9,300.084,1228.82,231.862,0,
1.5,9,300.017,1419.59,272.729,0,
