2.5,10,0.0649078,2120.92,415.944,30,
2.5,10,0.102486,2407.86,296.055,35,
2.5,10,0.0271332,1617.59,351.363,9,
2.5,10,0.173691,1695.37,384.517,28,
2.5,10,0.061228,1978.06,401.271,36,
2.5,10,0.361555,2496.2,440.242,18,
2.5,10,0.26603,1914.39,441.901,34,
2.5,10,0.0334268,2604.26,378.016,17,
2.5,10,0.0964107,2196.51,368.801,37,
2.5,10,1.44154,2640.75,356.428,65,
2.5,10,11.9509,2369.64,400.026,102,
2.5,10,7.51025,1927.58,407.342,93,
2.5,10,0.227451,1807.65,356.424,52,
2.5,10,0.0856255,2560.26,347.676,19,
2.5,10,0.0052808,1623.58,382.745,3,
2.5,10,17.5279,2569.14,407.379,60,
2.5,10,0.353846,1778.1,384.757,64,
2.5,10,2.65232,2370.09,356.248,67,
2.5,10,0.270188,1435.03,292.986,23,
2.5,10,18.892,2093.47,456.222,146,
2.5,10,89.5635,1762.91,384.115,136,
2.5,10,0.740383,1796.75,471.506,35,
2.5,10,0.25081,1568.12,261.669,20,
2.5,10,0.731851,2182.61,359.062,35,
2.5,10,0.00346,1301.82,254.145,4,
2.5,10,300.054,2057.8,379.171,98,
2.5,10,300.001,2088.31,306.887,232,
2.5,10,300.003,2456.38,453.367,83,
2.5,10,300.052,2101.96,313.726,94,
2.5,10,300.006,2525.63,417.646,135,
2.5,10,300.031,2000.43,320.657,125,
2.5,10,300.066,2795.68,418.994,86,
2.5,10,300.023,2414.25,398.779,72,
2.5,10,300.024,2439.54,430.616,70,
2.5,10,300.011,1895.59,383.413,65,
2.5,10,300.009,2441.83,299.713,190,
2.5,10,300.022,2508.97,477.543,69,
2.5,10,300.054,2377.51,398.086,49,
2.5,10,300.013,2048.92,397.008,77,
2.5,10,300.056,2775.01,369.634,160,
2.5,10,300.019,2502.76,386.987,208,
2.5,10,300.123,2109.63,335.088,36,
2.5,10,300.002,2693.02,363.051,108,
2.5,10,300.076,1986.31,369.597,109,
2.5,10,300.08,2244.33,411.267,171,
2.5,10,300.07,2859.11,390.174,240,
2.5,10,300.036,2474.86,452.476,70,
2.5,10,300.094,2580.96,436.331,111,
2.5,10,300.024,2363.8,333.53,129,
2.5,10,300.012,1726.53,367.384,95,
2.5,10,3.40482e-317,-1,-1,0,
2.5,10,0.20922,1792.78,273.051,2,
2.5,10,0.728276,1235.89,214.458,29,
2.5,10,3.40482e-317,-1,-1,0,
2.5,10,3.40482e-317,-1,-1,0,
2.5,10,3.40482e-317,-1,-1,0,
2.5,10,0.0373427,1313.06,279.448,6,
2.5,10,3.40482e-317,-1,-1,0,
2.5,10,3.40482e-317,-1,-1,0,
2.5,10,0.335798,1189.07,237.441,25,
2.5,10,3.40482e-317,-1,-1,0,
2.5,10,0.228351,1343.5,335.851,24,
2.5,10,3.40482e-317,-1,-1,0,
2.5,10,1.09849,1387.22,270.079,73,
2.5,10,300.016,1897.07,344.695,176,
2.5,10,9.80744,1963.05,324.472,69,
2.5,10,300.002,1825.42,291.345,345,
2.5,10,300.006,1671.1,288.732,136,
2.5,10,300.001,1397.26,278.623,129,
2.5,10,3.40482e-317,-1,-1,0,
2.5,10,300.003,1661.76,315.072,119,
2.5,10,300.004,1639.27,275.87,159,
2.5,10,300.001,1691.55,265.928,76,
2.5,10,300.003,1969.26,307.601,94,
2.5,10,300.002,1391.89,273.41,56,
2.5,10,300.003,1470.73,270.636,101,
2.5,10,300.001,1569.21,279.358,73,
2.5,10,300.002,1749.68,299.3,90,
2.5,10,300,1514.54,287.178,70,
2.5,10,300.002,1727.77,295.67,144,
2.5,10,57.6272,1558.5,238.979,102,
2.5,10,300.002,1805.47,341.705,106,
2.5,10,300.001,1518.5,242.223,193,
2.5,10,300.004,1886.23,249.576,129,
2.5,10,300.002,1623.12,257.838,128,
2.5,10,300.001,1507.27,300.897,139,
2.5,10,300.001,1642.35,326.21,93,
2.5,10,300.001,1228.17,317.296,109,
2.5,10,300,1702.45,338.483,140,
2.5,10,300.003,1512.51,267.668,104,
2.5,10,300.004,1659.43,281.624,141,
2.5,10,300.007,1632.21,267.705,111,
2.5,10,300.003,1498.6,252.314,234,
2.5,10,300.012,1587.55,310.882,92,
2.5,10,300.004,1643.35,274.533,111,
2.5,10,300.002,1314.76,260.706,120,
2.5,10,300.003,1240.15,254.164,118,
2.5,10,300,1486.1,217.168,138,
2.5,10,300.001,1562.38,232.136,195,
2.5,10,300,1202.68,254.365,109,
2.5,10,3.10792,944.55,160.801,0,
2.5,10,300.012,1394.26,239.487,71,
2.5,10,300.316,1333.03,268.684,47,
2.5,10,300.325,1312.46,223.682,27,
2.5,10,10.1281,1452.26,251.059,24,
2.5,10,300.14,1946.87,268.885,28,
2.5,10,300.103,1711.82,305,22,
2.5,10,300.233,1680.24,303.348,38,
2.5,10,300.012,1094.71,216.469,85,
2.5,10,300.02,1091.3,215.557,78,
2.5,10,300.117,1062.71,213.146,55,
2.5,10,300.001,1220.28,232.848,128,
2.5,10,300.022,1370.9,225.31,77,
2.5,10,300.02,1319.43,248.116,95,
2.5,10,300.029,1339.51,202.272,47,
2.5,10,300.027,1405.19,275.375,119,
2.5,10,300.14,1370.02,265.621,74,
2.5,10,300.032,1545.27,217.851,48,
2.5,10,300.707,1256.65,218.699,46,
2.5,10,300.01,1519.87,235.044,88,
2.5,10,300.388,1534.71,227.436,38,
2.5,10,300.012,1526.17,232.593,54,
2.5,10,300.762,1613.2,288.869,34,
2.5,10,300.083,1258.35,255.909,11,
2.5,10,300.005,1464.03,239.918,65,
2.5,10,300.114,1756.72,314.69,49,
2.5,10,300.217,1530.31,274.218,47,
2.5,10,300.325,1749.32,237.662,48,
2.5,10,300.235,1239.87,202.663,47,
2.5,10,300.095,1218.82,214.537,10,
2.5,10,300.172,1296.49,240.429,28,
2.5,10,300.11,1088.31,213.379,52,
2.5,10,300.037,1587.7,257.082,48,
2.5,10,300.195,1537.69,258.173,48,
2.5,10,300.23,1552.2,247.944,36,
2.5,10,300.001,1086.65,248.427,114,
2.5,10,300.054,1380.07,255.164,12,
2.5,10,300.116,1087.75,289.36,46,
2.5,10,300.017,1382.74,222.984,58,
2.5,10,300.171,1313.48,280.845,19,
2.5,10,300.032,1374.4,219.154,40,
2.5,10,300.294,1594.52,246.062,22,
2.5,10,300.002,1124.41,260.853,163,
2.5,10,300.089,1789.19,272.152,55,
2.5,10,300.005,1666.71,293.303,54,
2.5,10,300.049,1379.78,200.098,62,
2.5,10,300.097,1187.91,240.719,70,
2.5,10,300.017,945.095,229.251,18,
2.5,10,300.022,1352.04,248.148,16,
2.5,10,300.181,1545.71,287.22,32,
