2.5,6,0.000418692,1536.06,294.377,0,
2.5,6,0.0485574,1426.48,415.962,20,
2.5,6,0.00204044,1344.25,379.171,4,
2.5,6,0.000339885,993.535,351.363,0,
2.5,6,0.00650209,1491.92,313.092,4,
2.5,6,0.345022,1599.86,357.746,66,
2.5,6,0.0260919,1669.58,417.012,16,
2.5,6,0.00327238,819.579,366.763,9,
2.5,6,0.00151391,986.532,280.475,3,
2.5,6,0.00738402,1181.72,405.304,10,
2.5,6,0.000904757,1859.18,418.994,0,
2.5,6,0.000537273,1543.49,440.242,0,
2.5,6,0.0577607,1187.34,435.215,28,
2.5,6,0.00142044,1399.57,401.692,1,
2.5,6,0.00393225,1254.72,368.801,4,
2.5,6,0.0299059,1800.68,345.805,10,
2.5,6,0.10976,1500.28,370.679,31,
2.5,6,0.00107793,1086.88,334.337,0,
2.5,6,0.109689,1179.28,407.342,29,
2.5,6,0.220461,1386.63,356.424,52,
2.5,6,0.00452562,1557.71,347.676,3,
2.5,6,0.00703516,995.029,382.745,7,
2.5,6,1.02435,1805.25,475.898,105,
2.5,6,0.000939384,868.261,249.465,0,
2.5,6,0.000326138,903.459,274.277,0,
2.5,6,0.00226025,1639.47,354.774,1,
2.5,6,0.00106764,1179.68,456.222,1,
2.5,6,0.0408344,824.13,210.976,22,
2.5,6,0.00353689,1147.49,386.353,11,
2.5,6,0.152536,1563.23,355.762,40,
2.5,6,0.000446765,590.714,185.463,0,
2.5,6,0.00661158,1437.01,351.449,5,
2.5,6,0.00240578,912.723,454.744,3,
2.5,6,0.115525,1553.53,284.383,18,
2.5,6,0.00167877,925.489,261.669,3,
2.5,6,3.67153,1662.23,333.53,63,
2.5,6,0.00256223,965.895,273.53,0,
2.5,6,0.00123817,917.952,254.145,2,
2.5,6,0.00504969,876.909,367.384,11,
2.5,6,300.056,1439.63,307.44,60,
2.5,6,300.057,1588.85,398.779,51,
2.5,6,300.01,937.877,221.032,79,
2.5,6,300.069,1569.9,300.386,65,
2.5,6,300.07,1557,398.841,42,
2.5,6,300.043,1251.19,398.086,23,
2.5,6,300.105,1395.55,331.964,38,
2.5,6,300.121,1488.41,375.774,137,
2.5,6,300.065,1303.21,411.267,55,
2.5,6,300.043,1701.69,389.091,41,
2.5,6,300.016,1424.11,461.851,51,
2.5,6,0.00117345,737.092,277.772,0,
2.5,6,0.00856964,1007.56,315.072,8,
2.5,6,0.00187521,1227.12,271.52,0,
2.5,6,10.8504,697.688,198.155,87,
2.5,6,0.00407564,835.825,212.872,0,
2.5,6,0.0889363,740.64,181.108,20,
2.5,6,4.40043,812.144,274.526,72,
2.5,6,1.64687,965.923,286.928,26,
2.5,6,3.40482e-317,-1,-1,0,
2.5,6,3.40482e-317,-1,-1,0,
2.5,6,0.0322974,1004.65,240.436,0,
2.5,6,0.541606,871.813,248.948,27,
2.5,6,0.000946977,718.608,279.064,0,
2.5,6,3.40482e-317,-1,-1,0,
2.5,6,10.1526,1124.54,268.227,44,
2.5,6,0.651304,1120.59,335.044,17,
2.5,6,0.01523,875.476,271.244,9,
2.5,6,0.152542,1146.34,327.117,2,
2.5,6,0.339377,917.23,237.441,25,
2.5,6,0.00731793,576.847,316.787,0,
2.5,6,3.40482e-317,-1,-1,0,
2.5,6,0.000936297,885.502,270.537,0,
2.5,6,0.000806504,664.656,245.293,0,
2.5,6,0.834537,870.706,192.021,44,
2.5,6,0.00208105,693.975,168.995,0,
2.5,6,0.000757404,695.297,225.223,0,
2.5,6,0.000927259,581.205,210.764,0,
2.5,6,0.00182915,881.417,217.168,2,
2.5,6,0.0672035,536.5,203.9,30,
2.5,6,0.0203184,1171.95,319.067,4,
2.5,6,0.556813,1013.38,228.121,24,
2.5,6,103.589,1149.37,299.3,74,
2.5,6,3.40482e-317,-1,-1,0,
2.5,6,82.1896,661.273,206.175,73,
2.5,6,55.3475,1087.26,238.979,102,
2.5,6,145.409,933.593,204.686,153,
2.5,6,300,1159.21,344.849,106,
2.5,6,300.006,1234.36,291.778,259,
2.5,6,300.005,1119.69,290.097,171,
2.5,6,300.003,950.167,220.129,164,
2.5,6,300.005,988.474,265.928,156,
2.5,6,300.005,1228.68,306.853,107,
2.5,6,300.001,1029.96,241.626,140,
2.5,6,300,1024.78,242.223,222,
2.5,6,300.002,924.205,236.66,163,
2.5,6,300,1116.53,300.257,145,
2.5,6,300.002,859.047,238.338,137,
2.5,6,300.002,1055.03,265.635,105,
2.5,6,300.003,1027.6,313.452,123,
2.5,6,300.004,697.321,254.365,110,
2.5,6,3.04059,410.981,157.6,0,
2.5,6,0.00770992,804.886,224.362,0,
2.5,6,0.160141,582.448,200.885,9,
2.5,6,24.7501,630.508,199.513,0,
2.5,6,0.00610075,706.882,218.608,0,
2.5,6,0.0170998,902.149,228.203,1,
2.5,6,0.213617,576.283,154.179,9,
2.5,6,0.00654095,660.783,214.667,0,
2.5,6,5.52715,437.753,154.057,0,
2.5,6,0.762132,931.811,209.519,0,
2.5,6,0.00357351,477.105,135.885,0,
2.5,6,0.00342795,455.759,131.866,0,
2.5,6,0.0901158,830.731,260.846,8,
2.5,6,300.025,805.602,162.447,54,
2.5,6,0.0061469,748.181,197.212,0,
2.5,6,300.091,878.784,268.695,82,
2.5,6,7.08103,378.398,166.235,0,
2.5,6,300.373,796.759,223.88,67,
2.5,6,300.002,1200.65,268.885,67,
2.5,6,300.492,954.756,254.392,21,
2.5,6,300.009,694.531,216.473,42,
2.5,6,33.946,826.171,248.132,0,
2.5,6,300.083,809.878,233.052,62,
2.5,6,300.01,740.007,225.268,77,
2.5,6,300.007,809.126,248.116,98,
2.5,6,300.002,829.142,199.899,84,
2.5,6,300.02,889.394,275.284,100,
2.5,6,300.139,892.154,245.472,45,
2.5,6,300.055,860.198,217.851,51,
2.5,6,300.002,1019.17,235.044,81,
2.5,6,300.127,958.481,227.436,36,
2.5,6,300.004,696.115,245.394,100,
2.5,6,300.134,1121.9,314.69,71,
2.5,6,300.093,851.858,237.493,35,
2.5,6,300.086,1027.08,235.533,52,
2.5,6,300.002,833.773,202.663,60,
2.5,6,300.013,661.166,188.299,48,
2.5,6,300.001,763.573,202.574,43,
2.5,6,300.039,1078.4,257.203,32,
2.5,6,300.026,799.828,258.166,91,
2.5,6,300.23,1063.08,247.734,34,
2.5,6,300.016,935.402,255.255,12,
2.5,6,300.008,765.825,198.425,86,
2.5,6,300.005,625.098,244.182,68,
2.5,6,300.008,671.832,173.912,71,
2.5,6,300.048,907.425,229.222,45,
2.5,6,300.191,1120.37,272.392,60,
2.5,6,300.1,1153.28,293.295,58,
2.5,6,300.008,722.319,240.701,70,
2.5,6,300.004,871.855,287.216,42,
