3.5,13,42.0448,2683.61,290.056,0,
3.5,13,0.474418,2325.49,295.008,0,
3.5,13,300.001,2959.64,441.571,0,
3.5,13,16.1467,2578.07,424.692,0,
3.5,13,300.001,3138.83,364.173,0,
3.5,13,300,2591.31,317.736,0,
3.5,13,300,2647.39,384.379,0,
3.5,13,300.001,3526.39,395.585,0,
3.5,13,300,3602.55,411.474,0,
3.5,13,300.001,2687.68,387.501,0,
3.5,13,300,2565.73,334.36,0,
3.5,13,300,2871,389.234,0,
3.5,13,300.001,2948.22,333.603,0,
3.5,13,300.002,3001.18,331.292,0,
3.5,13,300.001,2970.51,419.913,0,
3.5,13,300.001,3817.28,406.34,0,
3.5,13,300,3306.13,441.827,0,
3.5,13,300.001,3252.18,315.867,0,
3.5,13,300.002,2754.35,328.455,0,
3.5,13,300.003,3938.71,444.138,0,
3.5,13,300.002,2396.02,320.595,0,
3.5,13,300.001,2899.22,450.166,0,
3.5,13,300.001,2136.52,324.723,0,
3.5,13,300,2996.45,328.359,0,
3.5,13,300.001,3292.41,444.522,0,
3.5,13,300,2989.64,350.926,0,
3.5,13,300.002,3337.68,460.074,0,
3.5,13,300,1951.71,292.29,0,
3.5,13,300,2875.92,437.381,0,
3.5,13,300,2847.1,378.127,0,
3.5,13,300.003,3092.8,351.501,0,
3.5,13,300.001,2704.1,350.216,0,
3.5,13,300.001,2554.61,486.219,0,
3.5,13,300,2450.4,375.806,0,
3.5,13,300,2441.14,405.54,0,
3.5,13,300,2632.87,404.525,0,
3.5,13,300.002,2832.42,332.018,0,
3.5,13,300.001,2377.1,329.215,0,
3.5,13,300.001,3281.96,325.707,0,
3.5,13,300.003,2672.12,410.508,0,
3.5,13,300.001,2919.96,370.834,0,
3.5,13,300.001,2693.17,422.089,0,
3.5,13,300.001,2404.13,333.549,0,
3.5,13,300.024,2100.15,315.059,0,
3.5,13,300.001,2365.12,352.085,0,
3.5,13,300,2593.97,428.27,0,
3.5,13,300.001,3860.5,402.052,0,
3.5,13,300.002,3210.69,409.423,0,
3.5,13,300.009,3036.33,443.852,0,
3.5,13,300.002,3458.33,479.257,0,
3.5,13,3.40482e-317,-1,-1,0,
3.5,13,3.40482e-317,-1,-1,0,
3.5,13,3.40482e-317,-1,-1,0,
3.5,13,3.40482e-317,-1,-1,0,
3.5,13,3.40482e-317,-1,-1,0,
3.5,13,3.40482e-317,-1,-1,0,
3.5,13,3.40482e-317,-1,-1,0,
3.5,13,3.40482e-317,-1,-1,0,
3.5,13,3.40482e-317,-1,-1,0,
3.5,13,300.004,2438.07,296.087,0,
3.5,13,300.006,1714.73,262.708,0,
3.5,13,300.003,1930.39,305.652,0,
3.5,13,300.001,1814.53,251.922,0,
3.5,13,3.40482e-317,-1,-1,0,
3.5,13,300.003,2357.63,313.414,0,
3.5,13,300,1642.96,255.453,0,
3.5,13,300.001,2277.26,226.935,0,
3.5,13,300.003,2196.23,274.932,0,
3.5,13,300.002,1793.41,250.889,0,
3.5,13,300.007,1819.29,231.445,0,
3.5,13,300.019,1866.8,272.408,0,
3.5,13,300.002,1609.79,277.921,0,
3.5,13,300,1658.55,326.605,0,
3.5,13,300.003,2070.88,281.341,0,
3.5,13,300.005,1860.3,243.385,0,
3.5,13,300.005,1713.65,257.683,0,
3.5,13,300.005,1761.95,270.391,0,
3.5,13,300.012,2346.2,326.65,0,
3.5,13,300.016,2039.93,324.071,0,
3.5,13,300.007,2021.84,249.915,0,
3.5,13,300.002,2186.23,286.499,0,
3.5,13,300.01,1923.86,270.848,0,
3.5,13,300.001,1679.88,183.287,0,
3.5,13,300.031,2465.06,309.388,0,
3.5,13,300.001,1870.34,234.997,0,
3.5,13,300.002,1673.1,260.692,0,
3.5,13,300.003,2258.08,271.909,0,
3.5,13,300.001,2026.36,315.448,0,
3.5,13,300.005,1619.78,246.443,0,
3.5,13,300.003,1928.3,278.28,0,
3.5,13,300.01,1873.01,235.706,0,
3.5,13,300,2034.33,248.629,0,
3.5,13,300.003,1357.83,271.226,0,
3.5,13,300.001,1620.61,312.206,0,
3.5,13,300.005,1765.74,284.221,0,
3.5,13,300.002,1903.31,239.567,0,
3.5,13,300.002,1857.56,328.204,0,
3.5,13,300.004,1625.5,300.112,0,
3.5,13,300.004,1529.88,251.813,0,
3.5,13,300.002,2101.55,293.359,0,
3.5,13,300.453,1788.67,324.44,0,
3.5,13,300.606,2252.09,299.713,0,
3.5,13,300.064,2083.74,256.879,0,
3.5,13,300.01,1881.79,256.355,0,
3.5,13,300.45,1918.98,297.123,0,
3.5,13,300.198,1664.97,265.804,0,
3.5,13,300.53,1971.87,259.344,0,
3.5,13,300.266,1855.82,340.788,0,
3.5,13,300.764,1779.72,241.329,0,
3.5,13,300.632,1748.99,228.976,0,
3.5,13,300.345,2475.5,278.075,0,
3.5,13,300.007,2037.67,235.327,0,
3.5,13,300.202,2150.87,284.501,0,
3.5,13,300.009,1795.43,269.878,0,
3.5,13,300.266,1486.37,272.426,0,
3.5,13,300.171,1947.31,319.093,0,
3.5,13,300.082,2058.44,284.868,0,
3.5,13,300.006,2292.03,274.705,0,
3.5,13,300.102,1747.82,278.739,0,
3.5,13,300.183,1923.82,317.21,0,
3.5,13,300.269,1464.5,217.133,0,
3.5,13,300.049,1913.56,290.616,0,
3.5,13,300.112,2008.02,304.912,0,
3.5,13,300.027,1599.33,250.936,0,
3.5,13,300.05,1984.9,266.145,0,
3.5,13,300.276,1954.94,270.26,0,
3.5,13,300.165,1931.94,271.419,0,
3.5,13,300.05,1548.51,192.627,0,
3.5,13,300.086,2042.72,251.861,0,
3.5,13,300.016,1535.77,231.405,0,
3.5,13,300.205,2177.38,293.914,0,
3.5,13,300.065,1935.23,290.953,0,
3.5,13,300.272,2313.24,299.693,0,
3.5,13,300.873,1955.27,296.172,0,
3.5,13,300.066,2234.96,281.052,0,
3.5,13,300.011,1634.94,263.149,0,
3.5,13,300.007,1816.78,230.238,0,
3.5,13,300.018,2236.87,276.992,0,
3.5,13,300.022,2119.56,274.714,0,
3.5,13,301.229,1450.52,261.903,0,
3.5,13,300.229,1848.02,236.647,0,
3.5,13,300.019,1817.89,267.781,0,
3.5,13,300.127,1763.26,245.245,0,
3.5,13,300.506,1671.15,256.551,0,
3.5,13,300.146,1736.02,247.302,0,
3.5,13,300.219,1583.27,213.437,0,
3.5,13,300.046,2189.74,275.528,0,
3.5,13,300.018,2123.56,305.366,0,
3.5,13,300.013,1706.71,262.764,0,
3.5,13,300.012,1766.59,246.031,0,
