3.5,10,0.244256,1703.64,306.098,0,
3.5,10,0.435733,2016.96,376.394,0,
3.5,10,0.0166551,1993.04,290.056,0,
3.5,10,0.568739,1871.28,334.997,0,
3.5,10,47.0942,2219.98,348.294,0,
3.5,10,0.139231,1618.51,247.341,0,
3.5,10,0.131704,2112.79,320.302,0,
3.5,10,3.64204,2285.67,357.758,0,
3.5,10,0.0169951,1712.63,362.531,0,
3.5,10,4.79441,1577.67,253.057,0,
3.5,10,14.4524,1972.93,401.681,0,
3.5,10,0.032046,1645.07,317.463,0,
3.5,10,252.529,1832.99,309.661,0,
3.5,10,0.242549,1695.9,315.059,0,
3.5,10,300.001,2455.82,442.809,0,
3.5,10,300.002,2359.27,315.322,0,
3.5,10,300,2840.77,406.463,0,
3.5,10,300.001,2660.9,403.666,0,
3.5,10,102.134,1768.02,308.708,0,
3.5,10,300,1996.56,348.509,0,
3.5,10,300.027,2311.2,343.836,0,
3.5,10,39.1083,2584.13,470.514,0,
3.5,10,300,2278.43,353.571,0,
3.5,10,300.043,2928.48,406.745,0,
3.5,10,300,2517.36,455.338,0,
3.5,10,300,2571.99,316.608,0,
3.5,10,300.002,2123.17,333.694,0,
3.5,10,300.001,3047.31,438.677,0,
3.5,10,149.676,1984.88,332.041,0,
3.5,10,300,1951.26,319.552,0,
3.5,10,300,1968.5,441.192,0,
3.5,10,300.001,1592.37,336.027,0,
3.5,10,300,2359.23,355.312,0,
3.5,10,300,2381.27,377.457,0,
3.5,10,300.001,2544.84,456.002,0,
3.5,10,300.005,1460.66,288.148,0,
3.5,10,274.366,1795.66,406.457,0,
3.5,10,300.001,2228.87,327.007,0,
3.5,10,300.005,2531.44,381.607,0,
3.5,10,300,2069.12,336.976,0,
3.5,10,300.003,2245.06,351.036,0,
3.5,10,300,2646.58,331.683,0,
3.5,10,300.001,2282.96,418.875,0,
3.5,10,300,2477.43,356.497,0,
3.5,10,300,1798.26,362.107,0,
3.5,10,300.001,1901.64,340.835,0,
3.5,10,300.011,2111.68,344.89,0,
3.5,10,300,3173.52,390.142,0,
3.5,10,300.01,2229.63,400.433,0,
3.5,10,300,2483.96,444.486,0,
3.5,10,0.0209886,1303.22,251.922,0,
3.5,10,3.40482e-317,-1,-1,0,
3.5,10,3.40482e-317,-1,-1,0,
3.5,10,3.40482e-317,-1,-1,0,
3.5,10,3.40482e-317,-1,-1,0,
3.5,10,97.756,1196.24,210.779,0,
3.5,10,3.40482e-317,-1,-1,0,
3.5,10,3.40482e-317,-1,-1,0,
3.5,10,3.40482e-317,-1,-1,0,
3.5,10,3.40482e-317,-1,-1,0,
3.5,10,3.40482e-317,-1,-1,0,
3.5,10,300.002,1564.85,262.86,0,
3.5,10,300.004,1863.1,296.087,0,
3.5,10,300.007,1171.28,237.294,0,
3.5,10,3.40482e-317,-1,-1,0,
3.5,10,300,1876.6,312.737,0,
3.5,10,300.008,1321.06,264.073,0,
3.5,10,300.001,1814.68,226.935,0,
3.5,10,300.002,1747.36,274.932,0,
3.5,10,300.007,1469.91,254.61,0,
3.5,10,37.2466,1469.53,238.718,0,
3.5,10,300.001,1497.45,272.408,0,
3.5,10,300.005,1262.49,278.04,0,
3.5,10,300.003,1245.9,324.235,0,
3.5,10,300.005,1543.79,281.341,0,
3.5,10,300,1253.29,227.736,0,
3.5,10,300.002,1364.6,257.721,0,
3.5,10,300.011,1374.35,237.855,0,
3.5,10,300,1763.3,305.077,0,
3.5,10,300.001,1690.5,322.829,0,
3.5,10,300,1552.97,249.754,0,
3.5,10,300.003,1637.31,231.411,0,
3.5,10,300.001,1355.57,265.377,0,
3.5,10,300.002,1336.07,182.379,0,
3.5,10,300.025,1968.32,310.597,0,
3.5,10,300.004,1458.57,235.193,0,
3.5,10,300,1357.88,260.676,0,
3.5,10,300,1741.28,269.127,0,
3.5,10,300.005,1503.91,315.367,0,
3.5,10,300.001,1331.15,246.969,0,
3.5,10,300.002,1406.23,278.37,0,
3.5,10,300.003,1381.15,239.449,0,
3.5,10,300.001,1458.94,245.223,0,
3.5,10,300.001,857.058,241.102,0,
3.5,10,300.004,1285.53,312.751,0,
3.5,10,300,1272.66,251.2,0,
3.5,10,300.002,1316,240.888,0,
3.5,10,300.001,1228.32,302.361,0,
3.5,10,300.001,1175.31,204.08,0,
3.5,10,300.004,1511.57,249.231,0,
3.5,10,300.004,1364.64,243.789,0,
3.5,10,300.303,1739.07,299.759,0,
3.5,10,301.633,1736.02,256.879,0,
3.5,10,300.013,1560.69,256.355,0,
3.5,10,300.917,1353.99,297.123,0,
3.5,10,300.404,1300.32,265.804,0,
3.5,10,300.004,1510.49,259.367,0,
3.5,10,300.683,1288.06,256.901,0,
3.5,10,300.344,1392.52,241.329,0,
3.5,10,300.303,1258.93,223.393,0,
3.5,10,300.019,1948.18,278.082,0,
3.5,10,300.004,1440.56,200.741,0,
3.5,10,300.254,1765.61,284.501,0,
3.5,10,300.042,1416.72,269.878,0,
3.5,10,300.043,1315.97,272.409,0,
3.5,10,300.094,1748.77,319.093,0,
3.5,10,300.058,1523.97,271.131,0,
3.5,10,300.031,1742.52,274.705,0,
3.5,10,300.101,1361.66,278.739,0,
3.5,10,301.082,1396.26,317.186,0,
3.5,10,300.054,1050.37,217.133,0,
3.5,10,300.223,1560.24,290.616,0,
3.5,10,300.048,1710.46,304.967,0,
3.5,10,300.008,1130.77,250.936,0,
3.5,10,300.032,1627.87,266.192,0,
3.5,10,300.037,1565.62,270.26,0,
3.5,10,300.065,1213.37,236.005,0,
3.5,10,300.005,1124,192.627,0,
3.5,10,300.002,1726.83,251.861,0,
3.5,10,300,1082.7,231.462,0,
3.5,10,300.047,1783.99,293.921,0,
3.5,10,300.033,1534.19,290.955,0,
3.5,10,300.012,1730.98,268.887,0,
3.5,10,300.24,1439.14,296.157,0,
3.5,10,301.064,1833.87,281.074,0,
3.5,10,300.005,1183.46,263.149,0,
3.5,10,300.007,1269.26,230.256,0,
3.5,10,300.062,1664.16,256.321,0,
3.5,10,300.14,1704.72,274.43,0,
3.5,10,300,928.098,151.479,0,
3.5,10,300.051,1400.62,236.615,0,
3.5,10,300.014,1348.85,267.783,0,
3.5,10,300.09,1338.58,245.245,0,
3.5,10,300.551,1271.38,256.548,0,
3.5,10,300.068,1545.78,247.303,0,
3.5,10,300.102,1270.5,215.552,0,
3.5,10,300.055,1729.41,275.545,0,
3.5,10,300.011,1358.43,206.848,0,
3.5,10,300.633,1353.11,262.604,0,
3.5,10,300.016,1506.73,246.026,0,
