3.5,11,1.81691,2007.42,305.732,79,
3.5,11,0.0207879,2176.67,290.056,6,
3.5,11,0.788279,2143.39,334.997,68,
3.5,11,0.047426,1861.22,247.341,36,
3.5,11,0.735214,2369.92,320.302,64,
3.5,11,8.19368,2288.78,357.758,159,
3.5,11,0.0486276,2028.61,362.531,12,
3.5,11,14.1416,2083.62,401.681,123,
3.5,11,0.0179735,1924.48,317.463,11,
3.5,11,300.001,2650,440.783,251,
3.5,11,300.078,2569.09,323.98,75,
3.5,11,300.021,2397.27,380.168,138,
3.5,11,300,2817.26,396.211,143,
3.5,11,300.13,3001.73,413.723,57,
3.5,11,300.01,2011.51,322.405,63,
3.5,11,300.041,2137.94,328.256,99,
3.5,11,300.001,2636.16,335.322,164,
3.5,11,300.013,2541.13,331.292,47,
3.5,11,300.001,2637.71,408.84,111,
3.5,11,300.111,3213.42,415.2,95,
3.5,11,300.001,2768.95,442.11,109,
3.5,11,300.026,2729.79,320.401,118,
3.5,11,300.001,2246.8,339.461,108,
3.5,11,300.001,3355.49,443.258,172,
3.5,11,300.001,2000.96,319.552,118,
3.5,11,300,2318.68,451.165,209,
3.5,11,300.007,1876.18,316.762,97,
3.5,11,300.003,2693.41,383.79,89,
3.5,11,300.116,2602.45,348.555,51,
3.5,11,300.06,2763.51,455.085,198,
3.5,11,300,1590.94,270.812,75,
3.5,11,300.049,2378.99,351.904,160,
3.5,11,300.078,2628.1,374.607,56,
3.5,11,300.029,2365.14,339.082,122,
3.5,11,300.001,2368.45,486.219,38,
3.5,11,300.006,1811.61,254.702,73,
3.5,11,300.011,2063.87,410.985,83,
3.5,11,300.002,2412.68,349.143,104,
3.5,11,300.099,2752.52,326.624,92,
3.5,11,300.001,2460.6,410.801,69,
3.5,11,300.061,2635.26,356.497,241,
3.5,11,300.066,1944.17,357.159,45,
3.5,11,300.001,2095.54,331.849,122,
3.5,11,300.064,1862.07,315.059,53,
3.5,11,300.017,2140.69,345.173,165,
3.5,11,300.071,2387.31,402.757,135,
3.5,11,300.116,3338.03,401.038,90,
3.5,11,300.113,2619.06,410.917,113,
3.5,11,300,2585.05,443.852,127,
3.5,11,300.001,2936.69,457.084,47,
3.5,11,3.40482e-317,-1,-1,0,
3.5,11,3.40482e-317,-1,-1,0,
3.5,11,3.40482e-317,-1,-1,0,
3.5,11,3.40482e-317,-1,-1,0,
3.5,11,3.40482e-317,-1,-1,0,
3.5,11,93.814,1388.31,210.779,164,
3.5,11,3.40482e-317,-1,-1,0,
3.5,11,3.40482e-317,-1,-1,0,
3.5,11,3.40482e-317,-1,-1,0,
3.5,11,3.40482e-317,-1,-1,0,
3.5,11,300.014,2111.28,296.087,112,
3.5,11,300.006,1576.55,262.922,101,
3.5,11,300.002,1380.46,237.59,160,
3.5,11,3.40482e-317,-1,-1,0,
3.5,11,300.001,1534.44,251.922,94,
3.5,11,300,1949.57,312.737,89,
3.5,11,300.002,1485.35,264.697,67,
3.5,11,300.001,2041.17,226.935,136,
3.5,11,300.001,2015.53,274.932,100,
3.5,11,300.005,1622.29,252.614,84,
3.5,11,42.0015,1594.29,238.718,80,
3.5,11,300.003,1553.76,272.408,51,
3.5,11,300,1313.45,277.993,133,
3.5,11,300.001,1383.6,324.235,202,
3.5,11,300.004,1653.52,281.341,76,
3.5,11,300.01,1496.06,240.582,107,
3.5,11,300.007,1493.21,259.389,63,
3.5,11,300.003,1463.48,237.855,207,
3.5,11,300.015,2089.46,326.722,101,
3.5,11,300.001,1846.32,322.829,88,
3.5,11,300.008,1711.12,249.915,97,
3.5,11,300.001,1696.82,230.722,86,
3.5,11,300.008,1620.6,269.553,210,
3.5,11,300,1390.99,182.542,217,
3.5,11,300.025,2157.36,307.685,41,
3.5,11,300,1570.73,235.193,92,
3.5,11,300.001,1396.79,260.692,124,
3.5,11,300,1818.43,266.958,166,
3.5,11,300.003,1663.85,315.367,106,
3.5,11,300.006,1467.24,246.492,215,
3.5,11,300.008,1588.78,278.558,119,
3.5,11,300.001,1501.93,234.627,111,
3.5,11,300.004,1625.54,245.223,107,
3.5,11,300,1020.79,241.146,118,
3.5,11,300.008,1417.91,318.133,105,
3.5,11,300,1369.15,250.976,53,
3.5,11,300.003,1480.67,240.888,60,
3.5,11,300.001,1382.1,301.723,148,
3.5,11,300.001,1184.28,204.08,253,
3.5,11,300,1806.25,294.772,146,
3.5,11,300.021,1370.92,243.808,76,
3.5,11,300.617,1955.79,299.74,50,
3.5,11,300.334,1814.35,256.879,16,
3.5,11,300.031,1604.47,256.355,52,
3.5,11,300.097,1475.61,297.123,32,
3.5,11,300.096,1333.11,265.877,82,
3.5,11,300.242,1613.99,259.475,12,
3.5,11,300.253,1329.74,256.901,16,
3.5,11,300.538,1558.27,241.329,23,
3.5,11,300.011,1395.82,223.235,46,
3.5,11,300.13,2014.78,278.075,36,
3.5,11,300.001,1622.18,200.741,149,
3.5,11,300.166,1856.26,284.501,52,
3.5,11,300.051,1458.61,269.878,47,
3.5,11,300.065,1328.92,272.428,28,
3.5,11,300.052,1864.62,319.093,63,
3.5,11,300.071,1808.43,284.892,41,
3.5,11,300.017,1946.69,274.705,40,
3.5,11,300.359,1496.38,278.739,35,
3.5,11,300.319,1637.46,317.201,10,
3.5,11,300.034,1260.48,217.133,34,
3.5,11,300.107,1712.4,290.616,82,
3.5,11,300.118,1780.74,304.974,17,
3.5,11,300.02,1224.98,250.936,97,
3.5,11,300.013,1719.44,266.17,50,
3.5,11,300.027,1658.41,270.26,52,
3.5,11,300.057,1484.7,271.354,52,
3.5,11,300.025,1246.29,192.627,87,
3.5,11,300.02,1871.99,251.861,77,
3.5,11,300.297,1260.85,231.402,18,
3.5,11,300.007,1896.25,293.921,51,
3.5,11,300.225,1646.1,290.955,43,
3.5,11,300.312,2030.67,299.726,38,
3.5,11,300.023,1631.68,296.157,21,
3.5,11,300.264,2059.64,281.093,24,
3.5,11,300.057,1370.31,263.149,85,
3.5,11,300.012,1450.53,230.302,96,
3.5,11,300.014,1941.15,276.992,60,
3.5,11,300.452,1882.47,274.714,52,
3.5,11,300.055,1058.36,151.479,45,
3.5,11,300.004,1479.95,236.659,88,
3.5,11,300.455,1446.75,267.785,43,
3.5,11,300.081,1490.47,245.245,34,
3.5,11,300.52,1424.97,256.551,43,
3.5,11,300.623,1673.68,247.302,35,
3.5,11,300.079,1451.4,213.432,24,
3.5,11,300.1,1921.35,275.545,38,
3.5,11,300.014,1649.14,290.671,37,
3.5,11,300.373,1537.17,262.604,15,
3.5,11,300.025,1551.45,246.026,80,
