3.5,7,0.0042548,994.671,296.458,7,
3.5,7,0.0464799,1653.46,320.925,16,
3.5,7,0.00139078,1473.95,274.191,3,
3.5,7,0.00195069,936.407,324.443,4,
3.5,7,0.00652195,1530.12,328.322,14,
3.5,7,0.00793562,1518.77,348.587,17,
3.5,7,0.00433922,1059.44,247.341,2,
3.5,7,0.0726917,1416.76,439.672,13,
3.5,7,40.6204,2044.18,441.827,112,
3.5,7,0.0322629,1711.36,320.302,12,
3.5,7,0.00303464,1743.91,348.76,1,
3.5,7,0.0136582,898.183,260.905,5,
3.5,7,1.51551,1901.08,367.082,54,
3.5,7,28.7152,1451.97,319.019,102,
3.5,7,0.014339,1218.6,362.531,6,
3.5,7,0.00992913,1179.6,308.708,10,
3.5,7,0.00311673,1003.38,382.235,0,
3.5,7,0.00362916,1292.4,379.446,7,
3.5,7,0.0019805,1283.07,308.764,4,
3.5,7,0.00117099,1055.02,263.377,3,
3.5,7,0.136817,1579.58,361.308,26,
3.5,7,0.0324225,1460.58,340.311,13,
3.5,7,0.0131229,1087.86,266.565,7,
3.5,7,0.230768,1272.26,318.928,35,
3.5,7,0.00328731,1333.67,288.06,4,
3.5,7,0.0633276,2239.21,389.99,27,
3.5,7,0.0509367,1551.35,319.281,24,
3.5,7,0.0868604,1653.25,443.852,19,
3.5,7,5.72648,1663.38,460.152,72,
3.5,7,18.616,1273,345.148,90,
3.5,7,300.041,1698.82,440.783,41,
3.5,7,300.047,1541.35,315.819,39,
3.5,7,300.091,1437.67,376.869,34,
3.5,7,300.077,1889.83,396.211,145,
3.5,7,300.032,1554.77,312.007,85,
3.5,7,300.087,1394.94,351.175,63,
3.5,7,300.064,1588.62,339.492,41,
3.5,7,300.082,2167.5,415.2,92,
3.5,7,300.025,1791.09,307.726,50,
3.5,7,300.018,1658.02,322.673,46,
3.5,7,300.017,2365.41,456.162,139,
3.5,7,300.042,1126.89,259.371,17,
3.5,7,300.004,1423.5,370.885,54,
3.5,7,300.055,1947.73,455.085,157,
3.5,7,300.007,1477.3,315.008,169,
3.5,7,300.013,1649.18,361.257,74,
3.5,7,300.064,1432.7,344.728,86,
3.5,7,300.031,1253.06,254.702,65,
3.5,7,300.102,1797.69,340.802,132,
3.5,7,300.066,1205.92,314.074,141,
3.5,7,0.000865445,862.653,251.922,0,
3.5,7,0.356253,1350.44,310.363,14,
3.5,7,3.40482e-317,-1,-1,0,
3.5,7,3.40482e-317,-1,-1,0,
3.5,7,0.0986034,854.852,207.962,16,
3.5,7,0.212952,808.282,149.061,12,
3.5,7,0.0843075,674.45,229.369,2,
3.5,7,0.0226355,1026.9,240.987,5,
3.5,7,3.40482e-317,-1,-1,0,
3.5,7,3.40482e-317,-1,-1,0,
3.5,7,0.057813,1194.52,322.829,0,
3.5,7,3.40482e-317,-1,-1,0,
3.5,7,3.40482e-317,-1,-1,0,
3.5,7,0.0747989,778.307,143.817,9,
3.5,7,3.40482e-317,-1,-1,0,
3.5,7,3.40482e-317,-1,-1,0,
3.5,7,3.40482e-317,-1,-1,0,
3.5,7,0.0804477,915.091,261.322,0,
3.5,7,0.00528315,948.066,249.735,2,
3.5,7,3.40482e-317,-1,-1,0,
3.5,7,0.0482222,994.289,238.718,11,
3.5,7,0.246377,953.063,240.888,12,
3.5,7,0.00104775,989.622,208.902,0,
3.5,7,300.001,1045.52,224.441,126,
3.5,7,300.017,1343.82,296.015,123,
3.5,7,300.014,1057.25,236.175,169,
3.5,7,300.009,1123.98,263.687,60,
3.5,7,300,1319.33,227.013,117,
3.5,7,300.004,1094.14,239.802,175,
3.5,7,300.007,957.248,256.41,91,
3.5,7,300.016,981.674,270.411,104,
3.5,7,300.001,991.421,220.75,112,
3.5,7,300.004,1093.45,257.912,71,
3.5,7,300.003,920.45,233.298,142,
3.5,7,300.002,1356.67,301.937,158,
3.5,7,300.004,1098.19,217.9,149,
3.5,7,300,1118.8,233.391,116,
3.5,7,300.001,815.804,263.055,155,
3.5,7,300,837.116,182.739,145,
3.5,7,300.008,1307.41,311.994,73,
3.5,7,300,1143.41,234.069,225,
3.5,7,300.004,1169.61,269.127,137,
3.5,7,300.007,1120.79,315.939,82,
3.5,7,300,942.358,212.941,105,
3.5,7,300.002,1021.12,239.084,200,
3.5,7,300.003,1031.52,245.223,156,
3.5,7,300.001,493.74,241.799,117,
3.5,7,300,960.659,312.423,75,
3.5,7,300.001,754.319,172.098,81,
3.5,7,329.057,876.068,202.941,224,
3.5,7,0.00791366,968.022,204.854,0,
3.5,7,0.00609334,715.707,164.15,0,
3.5,7,0.0147229,1437.79,278.02,0,
3.5,7,49.1228,918.519,265.788,0,
3.5,7,0.00994365,1060.35,270.976,0,
3.5,7,4.27926,766.517,175.737,0,
3.5,7,96.6229,760.426,225.56,0,
3.5,7,0.081189,1305.29,251.861,3,
3.5,7,0.00525927,717.88,174.193,0,
3.5,7,0.00485587,601.249,148.972,0,
3.5,7,0.00653549,767.713,230.238,0,
3.5,7,13.7912,1051.56,225.359,0,
3.5,7,300.023,1051.98,243.789,77,
3.5,7,300.422,1226.68,299.705,100,
3.5,7,300.052,1123.96,256.879,52,
3.5,7,300.021,1080.67,224.434,79,
3.5,7,300.009,803.551,297.123,70,
3.5,7,0.00570047,761.534,214.458,0,
3.5,7,300.011,979.556,241.341,121,
3.5,7,300.032,821.237,223.176,21,
3.5,7,300.001,943.24,177.245,129,
3.5,7,300.58,1241.8,284.52,31,
3.5,7,300.008,843.208,269.668,96,
3.5,7,300.025,894.468,272.261,70,
3.5,7,300.066,1009.81,235.683,64,
3.5,7,300.005,1282.12,274.705,41,
3.5,7,300.05,647.975,217.133,79,
3.5,7,300.209,1050.62,290.622,38,
3.5,7,300.012,1237.72,304.968,41,
3.5,7,300.026,989.329,251.192,48,
3.5,7,300.025,975.62,250.722,97,
3.5,7,300.016,1069.15,270.26,66,
3.5,7,300.011,855.781,207.53,62,
3.5,7,300.004,839.38,192.627,108,
3.5,7,300.044,1229.2,293.871,66,
3.5,7,300.764,985.443,302.836,10,
3.5,7,300.029,1236.64,268.887,76,
3.5,7,301.201,1012.48,239.13,0,
3.5,7,300.015,1278.69,281.181,30,
3.5,7,300.049,1256.52,274.43,56,
3.5,7,300.014,559.032,121.321,75,
3.5,7,300.017,897.788,203.362,99,
3.5,7,300.026,1080.71,267.783,72,
3.5,7,300.024,930.143,245.245,57,
3.5,7,300.501,988.938,256.548,33,
3.5,7,300.047,1199.38,247.303,115,
3.5,7,300.008,817.507,166.768,100,
3.5,7,300.031,1235.19,275.664,75,
3.5,7,300.003,1009.73,206.858,88,
3.5,7,300.01,1057.6,241.137,75,
