3.5,6,0.0333253,1486.17,440.783,0,
3.5,6,0.000364399,692.016,224.181,0,
3.5,6,0.121502,1345.93,376.869,0,
3.5,6,0.00140848,1213.28,274.191,0,
3.5,6,0.00670177,1332.53,270.238,0,
3.5,6,0.00182549,812.12,324.443,0,
3.5,6,0.00686957,1315.14,328.322,0,
3.5,6,0.00227632,1176.35,340.532,0,
3.5,6,24.0328,1253.73,308.941,0,
3.5,6,0.103695,1374.57,330.476,0,
3.5,6,0.00455726,1014.21,247.341,0,
3.5,6,0.0342219,1241.28,440.306,0,
3.5,6,0.00788001,862.641,259.371,0,
3.5,6,0.0107974,1418.5,320.302,0,
3.5,6,45.6024,1682.49,441.827,0,
3.5,6,0.0238855,1448.65,348.478,0,
3.5,6,16.3166,1364.74,313.356,0,
3.5,6,0.0133891,891.75,260.905,0,
3.5,6,62.9671,1677.92,306.311,0,
3.5,6,0.498416,1659.29,367.082,0,
3.5,6,0.00728619,1084.26,362.531,0,
3.5,6,0.0117749,1111.08,299.781,0,
3.5,6,13.7098,1551.16,357.758,0,
3.5,6,0.00573968,903.766,382.235,0,
3.5,6,0.000768524,1181.43,379.446,0,
3.5,6,0.000432547,1022.81,308.764,0,
3.5,6,0.00124965,916.795,263.377,0,
3.5,6,0.303775,1106.35,339.123,0,
3.5,6,5.08473,1006.59,253.057,0,
3.5,6,0.00148311,988.684,316.63,0,
3.5,6,1.06866,1336.1,356.497,0,
3.5,6,0.0222811,1285.73,340.311,0,
3.5,6,0.00949507,1065.19,266.565,0,
3.5,6,0.0636183,947.288,261.491,0,
3.5,6,0.00276435,1281.73,288.06,0,
3.5,6,0.0185286,1891.35,380.3,0,
3.5,6,0.0592549,1394.69,319.281,0,
3.5,6,0.00675306,1527.42,443.852,0,
3.5,6,0.674844,1460.55,448.66,0,
3.5,6,300.049,995.138,322.605,0,
3.5,6,300.001,1846.11,396.616,0,
3.5,6,300,1308.69,309.305,0,
3.5,6,300.041,1271.02,331.292,0,
3.5,6,300,1913.58,446.389,0,
3.5,6,300,1979.26,458.086,0,
3.5,6,300.001,1299.93,410.82,0,
3.5,6,300.001,1757.39,455.085,0,
3.5,6,300.001,1300.88,315.008,0,
3.5,6,300.038,1307.3,350.195,0,
3.5,6,300.058,1504.56,342.636,0,
3.5,6,20.5978,849.971,224.441,0,
3.5,6,0.010156,660.809,251.922,0,
3.5,6,0.141683,1186.93,310.363,0,
3.5,6,0.00112959,1122.11,226.935,0,
3.5,6,3.40482e-317,-1,-1,0,
3.5,6,0.000770197,772.118,250.514,0,
3.5,6,3.40482e-317,-1,-1,0,
3.5,6,0.124382,785.938,207.962,0,
3.5,6,0.0355395,736.009,149.061,0,
3.5,6,0.000887806,661.75,225.619,0,
3.5,6,0.0224746,981.598,240.987,0,
3.5,6,0.000811234,744.825,275.868,0,
3.5,6,3.40482e-317,-1,-1,0,
3.5,6,0.00102502,1091.48,322.829,0,
3.5,6,3.40482e-317,-1,-1,0,
3.5,6,0.0251149,917.25,232.537,0,
3.5,6,0.11287,1065.35,234.069,0,
3.5,6,0.00591166,691.141,143.817,0,
3.5,6,3.40482e-317,-1,-1,0,
3.5,6,3.40482e-317,-1,-1,0,
3.5,6,60.8269,1158.75,301.635,0,
3.5,6,3.40482e-317,-1,-1,0,
3.5,6,0.0253124,790.331,257.693,0,
3.5,6,0.00820275,907.04,234.572,0,
3.5,6,0.00545969,945.347,245.223,0,
3.5,6,0.000661995,249.542,111.036,0,
3.5,6,0.0148707,914.608,249.735,0,
3.5,6,0.0157101,864.104,201.267,0,
3.5,6,0.0609673,898.914,238.718,0,
3.5,6,0.245473,712.218,181.903,0,
3.5,6,6.8317,720.372,202.941,0,
3.5,6,0.00451943,924.52,208.902,0,
3.5,6,300.003,1277.67,296.015,0,
3.5,6,300.009,961.78,237.59,0,
3.5,6,300.003,860.494,223.629,0,
3.5,6,300.002,918.683,240.689,0,
3.5,6,300.002,740.768,270.364,0,
3.5,6,300.002,917.519,220.75,0,
3.5,6,300.001,911.303,258.936,0,
3.5,6,300.005,687.226,217.602,0,
3.5,6,300.006,880.323,210.215,0,
3.5,6,300,767.528,261.982,0,
3.5,6,300,687.06,182.566,0,
3.5,6,300,987.156,276.049,0,
3.5,6,300,1234.58,311.926,0,
3.5,6,300.002,1147.17,266.725,0,
3.5,6,300.001,848.345,315.385,0,
3.5,6,300.001,786.008,212.941,0,
3.5,6,300.001,865.45,312.423,0,
3.5,6,300.004,641.783,172.098,0,
3.5,6,0.00727927,816.414,204.854,0,
3.5,6,0.00573287,685.514,164.15,0,
3.5,6,0.011644,1208.92,278.02,0,
3.5,6,47.5444,886.636,265.788,0,
3.5,6,0.00850859,895.59,270.976,0,
3.5,6,3.79791,635.838,175.737,0,
3.5,6,0.00635878,641.333,223.605,0,
3.5,6,0.00551697,689.775,192.627,0,
3.5,6,0.074226,1125.19,251.861,0,
3.5,6,82.0325,987.323,305.055,0,
3.5,6,0.00622274,543.686,137.712,0,
3.5,6,0.00513432,600.711,148.972,0,
3.5,6,0.00637118,694.528,230.238,0,
3.5,6,0.00719154,881.078,225.359,0,
3.5,6,13.7038,763.61,245.245,0,
3.5,6,0.00613703,661.391,166.768,0,
3.5,6,300.021,870.439,243.789,0,
3.5,6,0.00482959,651.328,214.458,0,
3.5,6,300.015,926.977,276.69,0,
3.5,6,28.5169,775.926,256.904,0,
3.5,6,300.14,951.002,256.879,0,
3.5,6,300.011,970.877,224.428,0,
3.5,6,300.028,735.244,297.2,0,
3.5,6,300.004,887.555,241.329,0,
3.5,6,300.195,658.007,223.188,0,
3.5,6,300.005,802.518,177.245,0,
3.5,6,300.332,1084.31,284.502,0,
3.5,6,300.013,748.155,269.668,0,
3.5,6,300.038,821.029,272.261,0,
3.5,6,300.051,825.516,235.683,0,
3.5,6,300.024,1170.8,274.705,0,
3.5,6,300.044,430.837,166.065,0,
3.5,6,300.074,947.992,290.622,0,
3.5,6,300.007,904.004,251.192,0,
3.5,6,300.008,724.898,172.949,0,
3.5,6,300.029,798.89,241.398,0,
3.5,6,274.628,838.162,306.302,0,
3.5,6,300.005,759.866,207.53,0,
3.5,6,296.464,824.293,240.295,0,
3.5,6,300.069,1137.32,293.872,0,
3.5,6,300.027,1045.01,268.875,0,
3.5,6,301.41,1057.45,281.06,0,
3.5,6,300.001,539.301,121.321,0,
3.5,6,300.089,1074.29,274.732,0,
3.5,6,300,694.424,146.112,0,
3.5,6,300.004,812.921,207.738,0,
3.5,6,300.044,1106.57,247.281,0,
3.5,6,300.046,1160.95,275.528,0,
3.5,6,300.04,803.322,206.858,0,
3.5,6,300.02,965.01,241.151,0,
