4.5,5,0.00445554,456.778,150.33,0,
4.5,5,0.000345054,729.279,349.171,0,
4.5,5,0.126217,931.026,343.685,0,
4.5,5,0.00251967,875.165,286.942,0,
4.5,5,0.000324707,834.857,215.391,0,
4.5,5,0.0293966,743.429,243.81,0,
4.5,5,0.00148437,1435.24,315.426,0,
4.5,5,0.00028416,681.629,245.914,0,
4.5,5,0.000348741,881.213,280.887,0,
4.5,5,0.00103985,846.729,248.811,0,
4.5,5,0.00125019,1163.45,306.23,0,
4.5,5,0.0167005,1162.3,327.265,0,
4.5,5,0.0352503,941.122,297.884,0,
4.5,5,0.214479,922.266,369.741,0,
4.5,5,0.00263948,966.131,307.574,0,
4.5,5,0.00746405,1194.25,442.938,0,
4.5,5,0.0376428,1728.18,403.743,0,
4.5,5,0.227199,1447.53,364.258,0,
4.5,5,0.000617742,577.39,208.679,0,
4.5,5,0.00227064,1226.95,349.546,0,
4.5,5,1.25449,1234.18,373.965,0,
4.5,5,0.0021952,1080.37,259.49,0,
4.5,5,0.00379703,1027.68,326.544,0,
4.5,5,0.204295,954.437,334.681,0,
4.5,5,0.00108845,1385.39,413.908,0,
4.5,5,0.133406,1363.5,365.441,0,
4.5,5,2.01799,1142.22,301.526,0,
4.5,5,0.114114,1142.56,368.238,0,
4.5,5,52.2398,1700.92,418.787,0,
4.5,5,0.459457,1168.86,365.499,0,
4.5,5,0.0143871,901.891,234.659,0,
4.5,5,1.10275,1057.33,349.248,0,
4.5,5,0.00437127,960.685,293.34,0,
4.5,5,0.0846365,918.825,357.104,0,
4.5,5,0.0135309,1268.24,303.27,0,
4.5,5,0.00741119,1151.36,361.321,0,
4.5,5,0.00238102,903.51,280.144,0,
4.5,5,0.000781547,727.721,234.075,0,
4.5,5,0.000383625,995.118,347.416,0,
4.5,5,0.00113242,721.094,158.104,0,
4.5,5,0.00138797,827.041,444.461,0,
4.5,5,132.177,1297.04,329.745,0,
4.5,5,300.001,1550.9,443.017,0,
4.5,5,300,819.933,277.464,0,
4.5,5,300.002,1436.2,438.149,0,
4.5,5,300.051,1359.11,354.935,0,
4.5,5,300.002,1436.73,354.617,0,
4.5,5,300,1009.31,295.603,0,
4.5,5,300,1486.21,316.799,0,
4.5,5,300,1644.82,395.78,0,
4.5,5,0.00128845,667.827,197.021,0,
4.5,5,0.000794251,729.083,269.73,0,
4.5,5,0.0335927,525.899,241.534,0,
4.5,5,0.00079344,605.198,248.726,0,
4.5,5,3.40482e-317,-1,-1,0,
4.5,5,3.40482e-317,-1,-1,0,
4.5,5,0.0113331,557.987,135.819,0,
4.5,5,0.0862981,754.072,265.106,0,
4.5,5,0.000510373,277.225,123.866,0,
4.5,5,11.9346,902.605,292.729,0,
4.5,5,0.0121929,608.16,171.63,0,
4.5,5,3.40482e-317,-1,-1,0,
4.5,5,0.000874913,781.502,274.508,0,
4.5,5,0.0428056,638.193,221.766,0,
4.5,5,0.000771659,619.232,277.676,0,
4.5,5,0.0492426,967.366,292.262,0,
4.5,5,0.000733508,572.564,178.863,0,
4.5,5,0.342086,659.834,222.585,0,
4.5,5,0.000757945,642.192,237.07,0,
4.5,5,3.40482e-317,-1,-1,0,
4.5,5,3.40482e-317,-1,-1,0,
4.5,5,0.0715825,411.749,180.893,0,
4.5,5,232.659,772.991,234.14,0,
4.5,5,0.0253901,577.445,175.614,0,
4.5,5,3.40482e-317,-1,-1,0,
4.5,5,300,631.803,236.686,0,
4.5,5,300.002,654.365,232.609,0,
4.5,5,300.009,790.299,308.468,0,
4.5,5,300.009,971.837,299.966,0,
4.5,5,300.005,540.402,200.461,0,
4.5,5,300,550.33,179.799,0,
4.5,5,300.001,848.498,231.59,0,
4.5,5,300.002,755.789,286.018,0,
4.5,5,300.002,874.937,237.157,0,
4.5,5,300.006,693.868,273.944,0,
4.5,5,300.004,981.75,302.505,0,
4.5,5,300.002,888.649,281.904,0,
4.5,5,300.003,664.504,234.51,0,
4.5,5,300.002,901.98,279.953,0,
4.5,5,300.003,821.896,240.901,0,
4.5,5,300,652.736,210.292,0,
4.5,5,300.004,621.581,197.406,0,
4.5,5,300.001,868.613,271.3,0,
4.5,5,300.002,992.227,317.851,0,
4.5,5,300.009,1090.66,289.589,0,
4.5,5,300,664.709,218.649,0,
4.5,5,300.002,816.087,262.402,0,
4.5,5,300.001,751.449,216.416,0,
4.5,5,300,731.631,215.559,0,
4.5,5,300.002,467.846,122.601,0,
4.5,5,0.00459319,590.156,166.001,0,
4.5,5,0.00585397,581.77,288.045,0,
4.5,5,0.00639032,643.533,195.671,0,
4.5,5,0.00611046,652.243,221.889,0,
4.5,5,0.00562021,481.559,229.561,0,
4.5,5,0.00805569,816.065,271.352,0,
4.5,5,0.0493619,443.568,164.482,0,
4.5,5,0.00720052,743.465,210.728,0,
4.5,5,0.00714979,839.898,208.832,0,
4.5,5,0.0077347,923.423,271.889,0,
4.5,5,0.00970516,882.148,296.61,0,
4.5,5,300.14,840.346,273.689,0,
4.5,5,300.008,480.791,162.506,0,
4.5,5,0.00492652,625.384,175.291,0,
4.5,5,300.012,517.647,157.442,0,
4.5,5,300.563,801.992,291.21,0,
4.5,5,300.017,832.747,276.724,0,
4.5,5,300.004,577.242,191.992,0,
4.5,5,300.017,816.318,214.4,0,
4.5,5,300.008,505.306,163.593,0,
4.5,5,300.012,777.277,208.606,0,
4.5,5,300.014,820.695,233.822,0,
4.5,5,300.008,652.661,179.255,0,
4.5,5,188.768,790.639,241.858,0,
4.5,5,300.33,665.87,269.524,0,
4.5,5,300.009,890.209,300.192,0,
4.5,5,300.071,871.796,273.887,0,
4.5,5,300.284,760.951,264.043,0,
4.5,5,300.001,348.125,105.387,0,
4.5,5,300.036,654.429,262.613,0,
4.5,5,300.238,712.163,257.908,0,
4.5,5,300.017,592.846,221.744,0,
4.5,5,300.037,808.471,296.711,0,
4.5,5,300.01,811.614,266.418,0,
4.5,5,300.007,481.351,124.588,0,
4.5,5,300.151,988.354,261.415,0,
4.5,5,300.027,753.285,238.056,0,
4.5,5,300.015,737.092,270.716,0,
4.5,5,300.113,779.299,274.59,0,
4.5,5,300.018,763.458,215.564,0,
4.5,5,300.006,852.069,247.86,0,
4.5,5,300,785.052,211.371,0,
4.5,5,300.042,898.906,276.253,0,
4.5,5,300.272,654.233,274.018,0,
4.5,5,300.019,579.033,203.111,0,
4.5,5,300.029,740.309,225.032,0,
4.5,5,300.078,634.198,258.023,0,
4.5,5,300.213,1014.86,276.014,0,
4.5,5,300.011,730.595,228.176,0,
4.5,5,300.012,652.775,195.367,0,
